"NC Code","Brand Name","Total Available","Size","Cases Per Pallet","Supplier","Supplier Allotment","Broker Name",
="00009","John J. Bowman Single Barrel 10Y","0",".75L","204","Sazerac Co.","204","Rick Henry",
="00026","Wyoming Whiskey Small Batch","47",".75L","120","Edrington Americas","320","Lauren Wiseman",
="00028","Garrison Brothers Small Batch Bourbon","53",".75L","100","Garrison Brothers Distillery","300","Lauren Wiseman",
="00029","Garrison Brothers Single Barrel Sampler","0",".75L","200","Garrison Brothers Distillery","0","Lauren Wiseman",
="00105","Templeton 10Y Reserve","323",".75L","100","Infinium Spirits","300","Lauren Wiseman",
="00111","Jack Daniel's Sinatra","0","1.00L","36","Brown - Forman","36","Lauren Wiseman",
="00119","Redbreast 15Y","0",".75L","100","Pernod Ricard USA","100","Jack Wooten",
="00120","Jack Daniel's No. 27 Gold","0",".75L","88","Brown - Forman","88","Lauren Wiseman",
="00124","WhistlePig 15Y","111",".75L","180","WhistlePig","180","Jason Lemansky",
="00126","Midleton Very Rare Irish","145",".75L","80","Pernod Ricard USA","80","Jack Wooten",
="00131","Smooth Ambler Old Scout Bourbon","94",".75L","96","Pernod Ricard USA","96","Jack Wooten",
="00137","Hatozaki Small Batch Japanese Whisky","195",".75L","240","Marussia Beverages USA","240","Lauren Wiseman",
="00139","Yamato Special Edition","167",".75L","144","Aiko Importers, Inc","144","Jeffrey A. Morse, Jr.",
="00140","Nobushi Japanese Whisky","30",".75L","63","Park St Imp/ Trinity Beverage","63","Curtis Toth",
="00141","Wyoming Whiskey Double Cask","116",".75L","120","Edrington Americas","0","Lauren Wiseman",
="00202","Ardbeg Corryvreckan","9",".75L","200","Moet Hennessy","100","Garrett Miller",
="00203","Ardbeg Uigeadail","84",".75L","200","Moet Hennessy","100","Garrett Miller",
="00204","The Macallan Double Cask 18Y","0",".75L","60","Edrington Americas","60","Lauren Wiseman",
="00209","Glenmorangie Signet S.M.","61",".75L","256","Moet Hennessy","64","Garrett Miller",
="00211","Glenmorangie Non Age Nectar D'Or","69",".75L","80","Moet Hennessy","80","Garrett Miller",
="00214","Highland Park 18Y","10",".75L","168","Edrington Americas","84","Lauren Wiseman",
="00215","GlenDronach 12Y S.M.","53",".75L","100","Brown - Forman","100","Lauren Wiseman",
="00217","Auchentoshan Three Wood","0",".75L","110","Beam Suntory","110","Bill York",
="00218","Bruichladdich Port Charlotte 10Y","46",".75L","75","Remy Cointreau USA","75","Lauren Wiseman",
="00219","Bruichladdich Classic Laddie Scottish Barley","69",".75L","75","Remy Cointreau USA","300","Lauren Wiseman",
="00221","Ben Riach 10Y","87",".75L","100","Brown - Forman","100","Lauren Wiseman",
="00222","Bruichladdich Islay Barley","29",".75L","75","Remy Cointreau USA","75","Lauren Wiseman",
="00225","The Macallan Rare Cask","1",".75L","48","Edrington Americas","48","Lauren Wiseman",
="00226","Aberlour A'Bunadh","0",".75L","52","Pernod Ricard USA","52","Jack Wooten",
="00227","The Dalmore 15Y","262",".75L","75","E & J Gallo Winery","75","Donavan Campbell",
="00229","The Dalmore Port Wood Reserve","0",".75L","48","E & J Gallo Winery","48","Donavan Campbell",
="00231","The Dalmore Cigar Malt Reserve","63",".75L","48","E & J Gallo Winery","48","Donavan Campbell",
="00237","GlenDronach 15Y Revival","37",".75L","100","Brown - Forman","50","Lauren Wiseman",
="00411","Hangar One Straight","7",".75L","56","WI, Inc","56","Lauren Wiseman",
="00605","Mt. Gay XO Triple Cask","37",".75L","100","Remy Cointreau USA","300","Lauren Wiseman",
="00659","D'Usse XO Cognac","30",".75L","25","Bacardi USA","120","Barry Sessoms",
="00668","Remy Martin Tercet","0",".75L","70","Remy Cointreau USA","210","Lauren Wiseman",
="00703","Grand Marnier 100Y","129",".75L","60","Campari America","60","Barry Sessoms",
="00707","Agavero Orange Tequila Liqueur","0",".75L","39","WI, Inc","64","Lauren Wiseman",
="00710","Cynar","0","1.00L","44","Campari America","44","Barry Sessoms",
="00806","Santo Fino Reposado","69",".75L","152","Shaw-Ross International","152","Barry Sessoms",
="00807","Adictivo Extra Anejo","0",".75L","156","Marsalle/Stoller Imports","156","Jeffrey A. Morse, Jr.",
="00808","Cava De Oro Extra Anejo","80",".75L","100","Marsalle/Stoller Imports","0","Jeffrey A. Morse, Jr.",
="00810","Jose Cuervo Reserva de Familia","94",".75L","100","Proximo Spirits","100","Lauren Wiseman",
="00820","Mezcal Vago Elote","40",".75L","40","Heaven Hill","40","Nick Pourasef",
="00823","Patron Reposado","0","1.75L","56","Bacardi USA","112","Barry Sessoms",
="00824","Patron Anejo","86","1.75L","56","Bacardi USA","112","Barry Sessoms",
="00825","Los Vecinos Mezcal","0",".75L","112","Sazerac Co.","112","Rick Henry",
="00827","Casa Dragones 16 Joven Tequila","23",".75L","96","MHW/ Casa Dragones","96","Bill York",
="00828","Herradura Anejo Legend","96",".75L","100","Brown - Forman","300","Lauren Wiseman",
="00832","Azteca Azul Plata","366",".75L","120","Global Beverage Team LLC","300","Donavan Campbell",
="00834","Maestro Dobel 50 Cristalino Extra Añejo","146",".75L","39","Proximo Spirits","117","Lauren Wiseman",
="00838","Herradura Silver","128","1.75L","96","Brown - Forman","288","Lauren Wiseman",
="00840","Mezcal Vago Espadin Jarquin","48",".75L","30","Heaven Hill","90","Nick Pourasef",
="18950","Dewar's Discovery Pk 15Y w/ 2x 50ML","0",".75L","36","Bacardi USA","108","Barry Sessoms",
="18951","Calumet Farm 10Y Bourbon","0",".75L","104","Western Spirits Bev Co.","312","Donavan Campbell",
="18952","Mezcal Union El Viejo","0",".75L","112","Diageo NA","336","Garrett Miller",
="18954","Hendrick's Flora Adora","0",".75L","120","William Grant & Sons","360","Donavan Campbell",
="18955","Salignac VS","0",".75L","56","Beam Suntory","168","Bill York",
="18956","Delola Spritz Bella Berry","0",".75L","92","Beam Suntory","276","Bill York",
="18957","Delola Spritz L'Orange","0",".75L","92","Beam Suntory","276","Bill York",
="18958","Delola Spritz Paloma Rosa","0",".75L","92","Beam Suntory","276","Bill York",
="18959","Bols Red Light Negroni","0",".375L","95","MHW/ Lucas Bols","285","Lauren Wiseman",
="18960","Bardstown Bourbon Collab Series Foursquare","0",".75L","112","Bardstown Bourbon Company","336","Nick Pourasef",
="18962","Ole Smoky Banana Whiskey","0",".75L","112","Ole Smoky Distillery","336","Barry Sessoms",
="18963","Ole Smoky Orange Shinesicle Moonshine Cream","0",".75L","154","Ole Smoky Distillery","462","Barry Sessoms",
="18964","Espolon Blanco","274","1.00L","80","Campari America","240","Barry Sessoms",
="18965","El Tesoro Single Barrel Anejo","0",".75L","58","Beam Suntory","174","Bill York",
="18966","Secret Desire Dark Mocha","0",".75L","100","Craft Spirits Brokers","300","Mark Fitlin",
="18967","Secret Desire White Mocha","0",".75L","100","Craft Spirits Brokers","300","Mark Fitlin",
="18968","Maker's Mark w/ 4 Summer Wheat Cups","0",".75L","35","Beam Suntory","105","Bill York",
="18969","VHW Scholar's Craft Coffee Cask","0",".75L","112","Park St Imp/ Virginia Distillery","336","Lauren Wiseman",
="18970","Midnight Moon Lightning Lemonade W/ LL RTD","183",".75L","72","Piedmont Distillers","216","Donavan Campbell",
="18971","Midnight Moon Peach w/ Peach Tea RTD","185",".75L","72","Piedmont Distillers","216","Donavan Campbell",
="18972","Midnight Moon Watermelon w/ WM RTD","184",".75L","72","Piedmont Distillers","216","Donavan Campbell",
="18973","Old Overholt 114°","0",".75L","75","Beam Suntory","225","Bill York",
="18974","Maker's Mark Wood Finishing Series BEP","0",".75L","85","Beam Suntory","255","Bill York",
="18975","Tres Generaciones Reposado w/ 2 GLS","0",".75L","60","Beam Suntory","180","Bill York",
="18976","Tres Generaciones Plata w/ 2 GLS","0",".75L","60","Beam Suntory","180","Bill York",
="18977","Woodford Reserve Personal Sel (NCABC)","0","1.00L","30","Brown - Forman","90","Lauren Wiseman",
="18978","Elijah Craig Private Barrel Proof","0",".75L","70","Heaven Hill","210","Nick Pourasef",
="18979","Breckenridge Whiskey Rum Cask Finish","0",".75L","108","Breckenridge Distillery","324","Nick Pourasef",
="18980","Blackened Whiskey Cask Strength Vol 3","0",".75L","92","MHW/ Sweet Amber Ventures","276","Nick Pourasef",
="18981","Aperol VAP w/ Spritz Glass","0",".75L","21","Campari America","63","Barry Sessoms",
="18982","Smooth Ambler Founders Cask Strength","0",".75L","88","Pernod Ricard USA","264","Jack Wooten",
="18983","Jefferson's Marian McLain Bourbon","0",".75L","80","Pernod Ricard USA","240","Jack Wooten",
="18984","Blood Oath Pact 9","0",".75L","112","Luxco","0","Donavan Campbell",
="18988","Aberfeldy 15Y Cask","0",".75L","23","Bacardi USA","0","Barry Sessoms",
="18989","Ezra Brooks 99","0","50ML","96","Luxco","0","Donavan Campbell",
="18990","Don Julio Blanco w/ Margarita Mix","0",".75L","30","Diageo NA","0","Garrett Miller",
="18991","Heaven's Door 10Y Series #02 Straight Rye","0",".75L","87","Park St Imp/ HDS Distilling","261","Nick Pourasef",
="18992","Maestro Dobel Diamante Tequila","0",".375L","76","Proximo Spirits","228","Lauren Wiseman",
="18993","Kraken Ginger Beer RTD 4Pk","129","1.42L","91","Proximo Spirits","273","Lauren Wiseman",
="18994","Kraken Rum Punch RTD 4Pk","72","1.42L","91","Proximo Spirits","273","Lauren Wiseman",
="18995","Jose Cuervo Sparkling Lime Margarita RTD 4Pk","0","1.42L","91","Proximo Spirits","273","Lauren Wiseman",
="18996","Don Q Coco - A Craftier Pina Colada VAP","0",".75L","40","Serralles USA","120","Lauren Wiseman",
="18997","Jose Cuervo Tradicional Cristalino w/ 2 Shot GLS","0",".75L","50","Proximo Spirits","0","Lauren Wiseman",
="18998","Bushmills Prohibition Irish Whiskey w/ Flask","0",".75L","50","Proximo Spirits","0","Lauren Wiseman",
="18999","WhistlePig Summerstock Whiskey","0",".75L","110","WhistlePig","330","Jason Lemansky",
="19000","Balcones Lineage","0",".75L","96","Diageo NA","288","Garrett Miller",
="19001","Ciroc Honey Melon","0",".75L","60","Diageo NA","180","Garrett Miller",
="19002","Crown Royal Noble Barley Edition","160",".75L","60","Diageo NA","180","Garrett Miller",
="19003","Jack Daniel's 10Y","0","700ML","90","Brown - Forman","0","Lauren Wiseman",
="19004","Jack Daniel's 12Y","0","700ML","90","Brown - Forman","0","Lauren Wiseman",
="19005","Beattie's Strawberry Potato Vodka","0",".75L","50","MHW/ Beattie's","150","Bruce DeBlock",
="19006","Weller Full Proof  Siingle Barrel Select (BTB)","0",".75L","100","Sazerac Co.","300","Rick Henry",
="19007","Windsor Apple","181","50ML","102","Associated Brewing","306","Jason Lemansky",
="19008","Cathead Sparkling Grapefruit 4Pk","284","1.42L","104","Bottle Tree Beverage Co.","312","Bill York",
="19009","Cathead Sparkling Sun Setters 8pk","272","2.84L","104","Bottle Tree Beverage Co.","312","Bill York",
="19010","Proper No. Twelve Apple","233","50ML","84","Proximo Spirits","252","Lauren Wiseman",
="19011","1921 Tequila Anejo","0",".75L","78","Casa 1921","234","Mark Fitlin",
="19012","1921 Tequila Blanco","0",".75L","78","Casa 1921","234","Mark Fitlin",
="19013","1921 Tequila Reposado","0",".75L","78","Casa 1921","234","Mark Fitlin",
="19014","Amrut Fusion","49",".75L","64","Glass Revolution Imports","192","Mark Fitlin",
="19015","Amrut Single Malt","29",".75L","64","Glass Revolution Imports","192","Mark Fitlin",
="19016","AO Suntory World Whisky","0","700ML","102","Beam Suntory","306","Bill York",
="19017","On the Rocks Midori Sour","365",".375L","105","Beam Suntory","315","Bill York",
="19018","Field & Sound BIB Bourbon","0",".75L","96","Long Island Spirits","288","Jason Lemansky",
="19019","Glengarry Highland Blended Scotch Whisky","0","1.75L","55","Randolph Importing","165","Jason Lemansky",
="19020","Glengarry Highland Single Malt Scotch Whisky","0",".75L","125","Randolph Importing","375","Jason Lemansky",
="19021","Barrell Armida","0",".75L","80","MHW/ Barrell Craft","240","Barry Sessoms",
="19022","Filibuster Dual Cask Bourbon","44",".75L","100","Filibuster Barrels","300","Mark Fitlin",
="19023","Filibuster Triple Cask","0",".75L","100","Filibuster Barrels","300","Mark Fitlin",
="19024","Goslings Spirited Seas Ocean Aged","0",".75L","100","Castle Brands","300","Nick Pourasef",
="19025","Espanita Anejo Tequila","0",".75L","104","Double Eagle Imports","312","Jason Lemansky",
="19026","Espanita Blanco Tequila","0",".75L","104","Double Eagle Imports","312","Jason Lemansky",
="19027","Espanita Double Barrel Reposado","0",".75L","104","Double Eagle Imports","312","Jason Lemansky",
="19028","Espanita Reposado Tequila","0",".75L","104","Double Eagle Imports","312","Jason Lemansky",
="19029","Brookie's Byron Dry Gin","0","700ML","120","Park St Imp/ Anthem Imports","360","Jason Lemansky",
="19030","Cambus 40Y","0",".75L","24","Diageo NA","72","Garrett Miller",
="19031","Benchmark Bonded","0",".75L","70","Sazerac Co.","210","Rick Henry",
="19032","Benchmark Full Proof","0",".75L","70","Sazerac Co.","210","Rick Henry",
="19033","Benchmark Single Barrel","0",".75L","70","Sazerac Co.","210","Rick Henry",
="19034","Benchmark Small Batch","0",".75L","70","Sazerac Co.","210","Rick Henry",
="19035","Benchmark Top Floor","0",".75L","70","Sazerac Co.","210","Rick Henry",
="19036","Blue Run Emerald Rye Whiskey","0",".75L","64","Park St Imp/ Blue Run Spirits","192","Nick Pourasef",
="19037","Blue Run High Rye Bourbon Whiskey","0",".75L","64","Park St Imp/ Blue Run Spirits","192","Nick Pourasef",
="19038","Blue Run Reflection 95 Proof Bourbon","0",".75L","64","Park St Imp/ Blue Run Spirits","192","Nick Pourasef",
="19039","Moon Pie Banana Cream","1",".75L","120","Tennessee Shine Co.","360","Jason Lemansky",
="19040","Moon Pie Chocolate Cream","0",".75L","120","Tennessee Shine Co.","360","Jason Lemansky",
="19041","Moon Pie Coconut Cream","16",".75L","120","Tennessee Shine Co.","360","Jason Lemansky",
="19042","Moon Pie Strawberry Cream","0",".75L","120","Tennessee Shine Co.","360","Jason Lemansky",
="19043","Eight Reserve","0",".75L","64","MHW/ 818 Spirits","192","Barry Sessoms",
="19044","The Manhattan Project","16",".75L","48","Savage & Cooke","144","Jason Lemansky",
="19045","L.A. Beach Bourbon BIB","40",".75L","60","Los Angeles Distillery","180","Mark Fitlin",
="19046","Teremana Anejo Tequila","920",".75L","100","Mast-Jagermeister US","300","Barry Sessoms",
="19049","Kilo Kai Spiced Rum","45",".75L","60","Apostrophe Brands","180","Jason Lemansky",
="19050","Carolans Peanut Butter","480",".75L","100","Heaven Hill","300","Nick Pourasef",
="19051","Old Elk Cigar Cut","55",".75L","100","Old Elk Distillery","300","Barry Sessoms",
="19052","Old Elk Rum Finished Rye","69",".75L","100","Old Elk Distillery","300","Barry Sessoms",
="19053","Old Elk Wheat N Rye","58",".75L","100","Old Elk Distillery","300","Barry Sessoms",
="19054","Bailey's Vanilla Mint Shake","22",".75L","55","Diageo NA","165","Garrett Miller",
="19055","Goodwood Walnut Brown Barrel Bourbon","0",".75L","100","Goodwood Brewing & Spirits","300","Jason Lemansky",
="19056","Goodwood Honey Ale Bourbon","0",".75L","100","Goodwood Brewing & Spirits","300","Jason Lemansky",
="19058","X Dar Ukrainian Vodka","97","1.75L","60","Liquorum Imports","180","Jeffrey A. Morse, Jr.",
="19059","X Dar Ukrainian Vodka","133",".75L","80","Liquorum Imports","240","Jeffrey A. Morse, Jr.",
="19060","Monnet Cognac VSOP","100","700ML","120","Heavenly Spirits LLC","360","Mark Fitlin",
="19061","Broken Barrel California Oak","0",".75L","110","Infuse Spirits","330","Lauren Wiseman",
="19062","Piggyback Rye Legends Ser. Brothers Osborne","160",".75L","84","WhistlePig","252","Jason Lemansky",
="19064","Adictivo Extra Anejo 14Y Ed. Extra Rare","0",".75L","40","Marsalle/Stoller Imports","120","Jeffrey A. Morse, Jr.",
="19065","WhistlePig Rye Piglets","0","150ML","30","WhistlePig","90","Jason Lemansky",
="19066","Bernheim  Wheat  Barrel Proof","0",".75L","195","Heaven Hill","0","Nick Pourasef",
="19067","L.A. Beach Hi-Wheat BIB","7",".75L","60","Los Angeles Distillery","180","Mark Fitlin",
="19068","Bushwood Front 9 7Y Bourbon","0",".75L","80","American Spirits Exchange","240","Jason Lemansky",
="19069","Bushwood Long Ball Bourbon","38",".75L","80","American Spirits Exchange","240","Jason Lemansky",
="19070","Stillwater Rye","19",".75L","80","American Spirits Exchange","240","Jason Lemansky",
="19071","Gold Spot","0","700ML","115","Pernod Ricard USA","345","Jack Wooten",
="19072","Zackariah Harris","1050","1.75L","65","Sazerac Co.","195","Rick Henry",
="19073","WhistlePig Beholden 21Y Single Malt","9",".75L","84","WhistlePig","0","Jason Lemansky",
="19074","Old Hillside Straight Rye Whiskey","16",".75L","55","Old Hillside Bourbon Company","165","Jason Lemansky",
="19081","Patsch Reposado Tequila","47",".75L","60","WP Wine Imports","180","Jason Lemansky",
="19082","Patsch Blanco Tequila","38",".75L","60","WP Wine Imports","180","Jason Lemansky",
="19083","Patsch Anejo Tequila","21",".75L","60","WP Wine Imports","180","Jason Lemansky",
="19084","Up N Down Rock and Bourbon","106",".75L","138","Central CT Distillers","414","Jason Lemansky",
="19086","Lunazul Blanco Tequila","346","1.00L","40","Heaven Hill","120","Nick Pourasef",
="19087","Speyburn 15Y Single Malt","0",".75L","95","Hotaling & Co.","285","Barry Sessoms",
="19088","Old Pulteney 15Y Single Malt","0",".75L","75","Hotaling & Co.","225","Barry Sessoms",
="19089","Santo Blanco","9","50ML","30","Shaw-Ross International","90","Barry Sessoms",
="19090","1800 Cristalino VAP","0",".75L","50","Proximo Spirits","150","Lauren Wiseman",
="19091","Jose Cuervo Tradicional Añejo VAP","0",".75L","40","Proximo Spirits","120","Lauren Wiseman",
="19092","Singleton Glen Ord 15Y","0",".75L","60","Diageo NA","180","Garrett Miller",
="19093","Lunazul Double Barrel Reposado 2016","0",".75L","104","Heaven Hill","312","Nick Pourasef",
="19094","Penelope Toasted Series","0",".75L","112","Luxco","336","Donavan Campbell",
="19095","Shanky's Whip","0","50ML","108","Park St Imp/ Lafayette Imports","324","Nick Pourasef",
="19096","Penelope Rosé Cask Finish","0",".75L","56","Luxco","168","Donavan Campbell",
="19097","Percheron","4",".75L","60","Shire Distilling","180","Jason Lemansky",
="19098","Barrell Craft Gray Label Dovetail","0",".75L","80","MHW/ Barrell Craft","240","Barry Sessoms",
="19099","Barrell Craft Gold Label Dovetail","0",".75L","80","MHW/ Barrell Craft","240","Barry Sessoms",
="19100","FEW Spirits Immortal Rye Whiskey","0",".75L","100","Heaven Hill","300","Nick Pourasef",
="19101","High West Prisoner's Share","0",".75L","112","Constellation Brands","0","Bill York",
="19102","Pinhook Bourbon Small Batch (BTB)","0",".75L","112","Pinhook Bourbon","336","Nick Pourasef",
="19103","Bradshaw Rye","0",".75L","105","American Spirits Exchange","0","Lauren Wiseman",
="19104","Swear Jar","28",".75L","60","Irokos Group","180","Jason Lemansky",
="19106","Old Fitzgerald BIB 19Y Decanter","0",".75L","112","Heaven Hill","336","Nick Pourasef",
="19107","Swear Jar Maple Donut","16",".75L","60","Irokos Group","180","Jason Lemansky",
="19108","Swear Jar Candied Green Apple","9",".75L","60","Irokos Group","180","Jason Lemansky",
="19109","George Dickel Reserve 17Y","0",".75L","60","Diageo NA","0","Garrett Miller",
="19110","Jack Daniel's Twice Barreled Sp. Rel.","0","700ML","90","Brown - Forman","0","Lauren Wiseman",
="19112","American Eagle Bourbon VAP","34",".75L","24","Aiko Importers, Inc","72","Jeffrey A. Morse, Jr.",
="19113","Buzzard's Roost Char #1 Bourbon","0",".75L","116","Buzzard's Roost Spirits","348","Jason Lemansky",
="19114","Buzzard's Roost Toasted American Oak Bourbon","0",".75L","116","Buzzard's Roost Spirits","348","Jason Lemansky",
="19115","Peg Leg Porker 8Y Rye","0",".75L","112","Peg Leg Porker Spirits","336","Jason Lemansky",
="19116","BBC Collab Ser. WVGBCo Cherry Oak","0",".75L","112","Bardstown Bourbon Company","336","Nick Pourasef",
="19117","BBC Collaborative Series Chateau De Laubade II","0",".75L","112","Bardstown Bourbon Company","336","Nick Pourasef",
="19118","Clynelish 12Y","0",".75L","80","Diageo NA","240","Garrett Miller",
="19119","The Macallan Harmony - Intense Arabica","0",".75L","60","Edrington Americas","180","Lauren Wiseman",
="19122","Doc Swinson's Alter Ego Bourbon","13",".75L","112","Distillers Way","336","Mark Fitlin",
="19123","Doc Swinson's Blender's Cut Bourbon","16",".75L","112","Distillers Way","336","Mark Fitlin",
="19124","La Gritona Reposado","0",".375L","126","T Edward Wines","378","Mark Fitlin",
="19125","Lock Stock & Barrel Vatted Straight Rye 2022","0",".75L","66","The Cooper Spirits Co.","0","Barry Sessoms",
="19126","Lock Stock & Barrel 21Y 2022","1",".75L","72","The Cooper Spirits Co.","0","Barry Sessoms",
="19127","Havana Club Anejo Blanco Heritage","0",".75L","75","Bacardi USA","225","Barry Sessoms",
="19128","Aberfeldy 18Y Cask","0",".75L","80","Bacardi USA","240","Barry Sessoms",
="19129","Four Roses Bourbon","0",".75L","80","Four Roses Distillery","240","Nick Pourasef",
="19130","Old Elk 2022 Infinity Blend","0",".75L","120","Old Elk Distillery","360","Barry Sessoms",
="19131","Muckety Muck 26Y","0",".75L","100","Diageo NA","300","Garrett Miller",
="19132","Lagavulin Offerman Charred Oak Cask","0",".75L","92","Diageo NA","276","Garrett Miller",
="19133","Talisker 11Y","0",".75L","80","Diageo NA","240","Garrett Miller",
="19134","Oban 10Y","0",".75L","80","Diageo NA","240","Garrett Miller",
="19135","Glenkinchie 12Y","0",".75L","100","Diageo NA","300","Garrett Miller",
="19136","Cardhu 16Y","0",".75L","80","Diageo NA","240","Garrett Miller",
="19137","Johnnie Walker Blue Ghost & Rare Port Dundas ED","0",".75L","60","Diageo NA","180","Garrett Miller",
="19138","Chicken Cock Kentucky Straight Rye","0",".75L","100","Park St Imp/ Grain & Barrel Spirits","300","Nick Pourasef",
="19139","Blackened X Wes Henderson","0",".75L","92","MHW/ Sweet Amber Ventures","276","Nick Pourasef",
="19140","Parker's Heritage Collection 16th Editon","7",".75L","160","Heaven Hill","0","Nick Pourasef",
="19144","Solomon Scott Rye Whiskey","44",".75L","116","French Lick Wine & Spirits","348","Jason Lemansky",
="19145","The Morning Glory Bourbon BIB","0",".75L","116","French Lick Wine & Spirits","348","Jason Lemansky",
="19146","Courvoisier XO Royal","25","700ML","45","Beam Suntory","135","Bill York",
="19147","Hibiki Blossom Harmony","0","700ML","112","Beam Suntory","336","Bill York",
="19148","Tres Generaciones La Colonial","33",".75L","78","Beam Suntory","234","Bill York",
="19149","Maker's Mark Wood Finishing Series BRT-01","1",".75L","85","Beam Suntory","0","Bill York",
="19150","Maker's Mark Wood Finishing Series BRT-02","1",".75L","85","Beam Suntory","0","Bill York",
="19151","Maker's Mark Holiday Bottle 22","1",".75L","54","Beam Suntory","0","Bill York",
="19152","Knob Creek 18Y","0",".75L","48","Beam Suntory","0","Bill York",
="19153","Little Book Chapter 6","0",".75L","52","Beam Suntory","0","Bill York",
="19154","Clase Azul Ultra","0",".75L","10","Tequilas Premium","30","Barry Sessoms",
="19156","Juan in a Million Extra Anejo","0",".75L","64","WT Imports","192","Nick Pourasef",
="19157","Saints Alley The Heretic Bourbon Whiskey","0",".75L","66","Ironroot Republic Distilling","198","Jason Lemansky",
="19158","The Singleton 38Y","0",".75L","36","Diageo NA","108","Garrett Miller",
="19159","Barcelo Imperial Onyx w/ Jigger","11",".75L","36","Shaw-Ross International","108","Barry Sessoms",
="19160","Amador D.B. Rye Port Barrel Finish","33",".75L","100","Trinchero Family Estates","300","Nick Pourasef",
="19162","High Noon Game Day 8Pk","0","2.84L","104","E & J Gallo Winery","312","Donavan Campbell",
="19163","Patron Reposado","451","100ML","242","Bacardi USA","726","Barry Sessoms",
="19164","Patron Anejo","529","100ML","242","Bacardi USA","726","Barry Sessoms",
="19165","Lil' Guero Reserve Bourbon","1",".75L","90","Savage & Cooke","270","Jason Lemansky",
="19166","Guero Reserve Rye","24",".75L","90","Savage & Cooke","270","Jason Lemansky",
="19167","Hennessy VS NBA 2022 Naked LE","1604",".75L","56","Moet Hennessy","168","Garrett Miller",
="19169","Ramazzotti Aperitivo Rosato","0",".75L","128","Castle Brands","384","Nick Pourasef",
="19170","Ramazzotti Amaro","0",".75L","128","Castle Brands","384","Nick Pourasef",
="19171","Old Elk Straight Bourbon Sherry Cask Finish Single","0",".75L","100","Old Elk Distillery","300","Barry Sessoms",
="19175","Bailey's S'Mores","0",".75L","55","Diageo NA","165","Garrett Miller",
="19177","Barrell Craft Gold Label Seagrass","1",".75L","100","MHW/ Barrell Craft","300","Barry Sessoms",
="19178","Barrell Craft Gray Label Bourbon","0",".75L","80","MHW/ Barrell Craft","240","Barry Sessoms",
="19179","SelvaRey Owner's Reserve","0",".75L","50","Park St Imp/ Pacific Plate","150","Nick Pourasef",
="19180","JP Wiser's 24Y","0",".75L","100","Sazerac/ 375 Park Ave Spirits","0","Barry Sessoms",
="19181","Tromba Reposado Sngl Cask Sel Overproof (BTB)","33",".75L","112","Sazerac/ 375 Park Ave Spirits","0","Nick Pourasef",
="19182","Tromba Extra Anejo (BTB)","0",".75L","52","Sazerac/ 375 Park Ave Spirits","0","Nick Pourasef",
="19187","Wild Turkey Master's Keep Unforgotten","0",".75L","32","Campari America","0","Barry Sessoms",
="19188","Twenty Grand Gold VAP","0",".75L","60","Western Spirits Bev Co.","180","Donavan Campbell",
="19189","Bird Dog Peach VAP","0",".75L","105","Western Spirits Bev Co.","315","Donavan Campbell",
="19190","Bird Dog Peanut Butter VAP","0",".75L","105","Western Spirits Bev Co.","315","Donavan Campbell",
="19191","Bird Dog Salted Caramel VAP","0",".75L","105","Western Spirits Bev Co.","315","Donavan Campbell",
="19193","Old Elk Rum Cask Finish Rye Single Barrel","0",".75L","100","Old Elk Distillery","300","Barry Sessoms",
="19194","Wilderness Trail Wheated Bourbon Sm Batch BIB","0",".75L","100","Campari America","300","Barry Sessoms",
="19195","Wilderness Trail Family Res Wheat Bourbon (BTB)","0",".75L","100","Campari America","0","Barry Sessoms",
="19196","Wilderness Trail Family Res Rye Whiskey (BTB)","0",".75L","100","Campari America","0","Barry Sessoms",
="19197","Wilderness Trail Family Res Bourbon (BTB)","0",".75L","100","Campari America","0","Barry Sessoms",
="19199","Remus Gatsby Reserve","0",".75L","60","Luxco","0","Donavan Campbell",
="19200","Old Ezra Brooks 7Y Rye Whiskey","0",".75L","120","Luxco","0","Donavan Campbell",
="19201","Fireball Keg 5.25L","0","5.25L","24","Sazerac Co.","72","Rick Henry",
="19203","Buzzard's Roost Toasted Barrel Rye","0",".75L","116","Buzzard's Roost Spirits","348","Jason Lemansky",
="19204","Buzzard's Roost Barrel Strength Bourbon","0",".75L","116","Buzzard's Roost Spirits","348","Jason Lemansky",
="19206","Yellowstone Limited Edition 2022","0",".75L","160","Luxco","480","Donavan Campbell",
="19207","El Mayor Extra Anejo Port Finish","0",".75L","84","Luxco","252","Donavan Campbell",
="19208","Daviess County Lightly Toasted Finish","0",".75L","100","Luxco","300","Donavan Campbell",
="19209","Preemption Texas Straight Bourbon","84",".75L","92","1845 Distilling Co","276","Jason Lemansky",
="19210","Woodinville Moscatel","0",".75L","60","Moet Hennessy","180","Garrett Miller",
="19211","Cragganmore Limited Edition","0",".75L","32","Diageo NA","36","Garrett Miller",
="19212","Colorado Mountain Incline Rye Whiskey","0",".75L","88","Axe and the Oak Distillery","264","Jason Lemansky",
="19213","Axe and the Oak  Bourbon Whiskey","33",".75L","88","Axe and the Oak Distillery","264","Jason Lemansky",
="19215","Peerless Double Oak Bourbon","13",".75L","80","Peerless Distilling","0","Nick Pourasef",
="19216","Peerless Single Barrel KY Bourbon Whiskey (BTB)","0",".75L","80","Peerless Distilling","0","Nick Pourasef",
="19217","Peerless Single Barrel KY Rye Whiskey (BTB)","0",".75L","80","Peerless Distilling","0","Nick Pourasef",
="19218","Peerless Small Batch KY Bourbon Whiskey","0",".75L","80","Peerless Distilling","240","Nick Pourasef",
="19219","Peerless Small Batch KY Rye Whiskey","0",".75L","80","Peerless Distilling","240","Nick Pourasef",
="19221","Redbreast American Oak","0",".75L","100","Pernod Ricard USA","300","Jack Wooten",
="19222","Capt. Morgan Orig Spiced Rum W/ NFL Pourer","0","1.75L","48","Diageo NA","144","Garrett Miller",
="19223","Midnight Moon Apple Pie w/ Pour Lid","0",".75L","72","Piedmont Distillers","0","Donavan Campbell",
="19224","Bulleit Bourbon w/ Mug","0",".75L","35","Diageo NA","0","Garrett Miller",
="19226","Buchanan's 12Y w/ Shaker","0",".75L","30","Diageo NA","0","Garrett Miller",
="19227","Bailey's Irish Cream w/ GLS Mug","0",".75L","35","Diageo NA","0","Garrett Miller",
="19228","Chesapeake Bay Smoked Ghost Pepper Tequila","14",".75L","55","Blackbird Spirits","275","Jason Lemansky",
="19229","Casamigos Reposado w/ 4 Coasters","0",".75L","32","Diageo dba Casamigos","0","Bill York",
="19230","Casamigos Mezcal Joven w/ 4 Coasters","0",".75L","32","Diageo dba Casamigos","0","Bill York",
="19231","Casamigos Blanco w/ 4 Coasters","0",".75L","32","Diageo dba Casamigos","0","Bill York",
="19232","Casamigos Anejo w/ 4 Coasters","0",".75L","32","Diageo dba Casamigos","0","Bill York",
="19234","Antica Sambuca Classic w/ 2 GLS","0",".75L","115","Sazerac/ 375 Park Ave Spirits","0","Nick Pourasef",
="19235","El Tesoro Extra Anejo 85th Anniversary","0",".75L","48","Beam Suntory","0","Bill York",
="19242","Rough Rider Double Cask","0",".75L","100","Long Island Spirits","100","Jason Lemansky",
="19243","Keeper's Heart Irish + Bourbon","52","700ML","100","MHW/ O'Shaughnessy Distilling","300","Jason Lemansky",
="19244","Keeper's Heart Irish + American","70","700ML","100","MHW/ O'Shaughnessy Distilling","300","Jason Lemansky",
="19248","Jim Beam Orange w/ Highball GLS","0",".75L","45","Beam Suntory","135","Bill York",
="19249","Maker's Mark w/ Summer Throw","0",".75L","45","Beam Suntory","135","Bill York",
="19250","Hardin's Creek Jacob's Well","0",".75L","40","Beam Suntory","120","Bill York",
="19251","Hardin's Creek Colonel JBB","0",".75L","84","Beam Suntory","252","Bill York",
="19252","Casa Del Sol Reposado","0",".75L","100","Shaw-Ross International","300","Barry Sessoms",
="19253","Casa Del Sol Blanco","0",".75L","100","Shaw-Ross International","300","Barry Sessoms",
="19254","Svedka 80 w/ 2 GLS","55",".75L","70","Constellation Brands","210","Bill York",
="19259","Dewar's French Smooth","115",".75L","112","Bacardi USA","0","Barry Sessoms",
="19260","Dewar's Discovery Pk 12Y w/ 2x 50ML","187",".75L","36","Bacardi USA","108","Barry Sessoms",
="19261","Bacardi Ocho Gift Tube","104",".75L","60","Bacardi USA","0","Barry Sessoms",
="19262","Heaven's Door Trilogy Collection Whiskey","0","600ML","50","Park St Imp/ HDS Distilling","0","Nick Pourasef",
="19265","PA Dutch Salted Caramel","0",".75L","70","Charles Jacquin","0","Donavan Campbell",
="19267","Faretti Biscotti Liqueur","0",".75L","112","Chatham Imports","0","Nick Pourasef",
="19269","E.T.51 Premium Gift Pk","0","300ML","120","American Spirits Exchange","0","Bruce DeBlock",
="19271","Truly Wild Berry","0","50ML","102","Beam Suntory","306","Bill York",
="19272","Truly Strawberry Lemonade","0","50ML","102","Beam Suntory","306","Bill York",
="19273","Truly Pineapple Mango","0","50ML","102","Beam Suntory","306","Bill York",
="19274","Day Chaser Vodka Lime","0","1.42L","78","Vermont Hard Cider Company","234","Jason Lemansky",
="19275","Day Chaser Vodka Cranberry","0","1.42L","78","Vermont Hard Cider Company","234","Jason Lemansky",
="19276","Day Chaser Tequila Lime","0","1.42L","78","Vermont Hard Cider Company","234","Jason Lemansky",
="19277","Day Chaser Tequila Grapefruit","0","1.42L","78","Vermont Hard Cider Company","234","Jason Lemansky",
="19278","Day Chaser Tequila Pineapple","0","1.42L","78","Vermont Hard Cider Company","234","Jason Lemansky",
="19279","Pintoresco Anejo Tequila","11","1.00L","65","Quality Distributor","195","Jeffrey A. Morse, Jr.",
="19280","Don Pipocho Extra Anejo","14",".75L","60","Quality Distributor","180","Jeffrey A. Morse, Jr.",
="19285","Home School Negroni","11","800ML","60","Savage & Cooke","180","Jason Lemansky",
="19286","Home School Blood Orange Manhattan","0","800ML","90","Savage & Cooke","270","Jason Lemansky",
="19287","Widow Jane The Vaults 2022 Release","0",".75L","100","Heaven Hill","0","Nick Pourasef",
="19292","FEW Spirits Straight Bourbon Whiskey","0",".75L","100","Heaven Hill","300","Nick Pourasef",
="19294","Dashfire Chai White Russian RTD","0",".75L","120","Total Beverage Solution","360","Jason Lemansky",
="19295","Dashfire Bourbon Old Fashioned RTD","0",".75L","120","Total Beverage Solution","360","Jason Lemansky",
="19297","Glengarry Highland Blended Scotch Whisky","0",".75L","80","Randolph Importing","240","Jason Lemansky",
="19298","Glengarry Highland 12Y Single Malt Scotch","0",".75L","125","Randolph Importing","375","Jason Lemansky",
="19299","Skrewball Peanut Butter Whiskey","0","100ML","105","Pernod Ricard USA","0","Jack Wooten",
="19301","Jackson Morgan Whipped Orange Cream","0",".75L","95","Spirits of Tennessee","285","Jason Lemansky",
="19303","Blackened Rye Whiskey","0",".75L","92","MHW/ Sweet Amber Ventures","276","Nick Pourasef",
="19304","Ragged Branch Wheated Bourbon BIB","0",".75L","80","Ragged Branch Distillery","240","Jason Lemansky",
="19305","BarBox Gin Lemonade","0","1.75L","75","Kozuba & Sons Distillery","225","Jason Lemansky",
="19306","BarBox Cosmopolitan","0","1.75L","75","Kozuba & Sons Distillery","225","Jason Lemansky",
="19307","BarBox Blueberry Vodka Sour","0","1.75L","75","Kozuba & Sons Distillery","225","Jason Lemansky",
="19310","Old Elk Four Grain","8",".75L","100","Old Elk Distillery","300","Barry Sessoms",
="19311","Old Elk Double Wheat","0",".75L","100","Old Elk Distillery","300","Barry Sessoms",
="19312","Bardstown Bourbon Co. Discovery Series","0",".75L","100","Bardstown Bourbon Company","300","Nick Pourasef",
="19313","American Highway","0",".75L","100","Bardstown Bourbon Company","300","Nick Pourasef",
="19314","Knob Creek Rye W/ Jigger","0",".75L","50","Beam Suntory","150","Bill York",
="19315","Hendrick's Neptunia Gin","0",".75L","120","William Grant & Sons","360","Donavan Campbell",
="19316","Sagamore Double Oak Rye","0",".75L","95","Sagamore Spirit","285","Lauren Wiseman",
="19323","Barrell Craft Gray Label Seagrass","0",".75L","80","MHW/ Barrell Craft","240","Barry Sessoms",
="19324","Barrell Craft Gold Label Bourbon","1",".75L","80","MHW/ Barrell Craft","240","Barry Sessoms",
="19325","Royal Lochnagar 16YR","0",".75L","80","Diageo NA","240","Garrett Miller",
="19326","Talisker 8YR","0",".75L","80","Diageo NA","240","Garrett Miller",
="19327","Singleton of Glendullan 19YR","0",".75L","72","Diageo NA","216","Garrett Miller",
="19328","Oban 12YR","0",".75L","80","Diageo NA","240","Garrett Miller",
="19329","Mortlach 13YR","0",".75L","96","Diageo NA","288","Garrett Miller",
="19330","Lagavulin 26YR","0",".75L","48","Diageo NA","144","Garrett Miller",
="19331","Lagavulin 12Y","0",".75L","80","Diageo NA","240","Garrett Miller",
="19332","Cardhu 14YR","0",".75L","80","Diageo NA","240","Garrett Miller",
="19334","Clase Azul Gold","0",".75L","56","Tequilas Premium","168","Barry Sessoms",
="19335","Capt. Morgan Orig Spiced Rum W/ NFL Ice Mold","0","1.75L","40","Diageo NA","120","Garrett Miller",
="19340","Michter's Sour Mash Whiskey","129",".75L","120","Chatham Imports","0","Nick Pourasef",
="19341","Hibiki Harmony Ryusui-Hyakka Tribute LTO","0",".75L","90","Beam Suntory","270","Bill York",
="19345","Teeling Pot Still","0",".75L","100","Bacardi USA","100","Barry Sessoms",
="19346","Stillhouse Black Bourbon Daytona 500- Limited Ed","0",".75L","78","Bacardi USA","234","Barry Sessoms",
="19347","Van Gogh Double Espresso","0","50ML","55","MHW/ Conecuh Ridge","165","Donavan Campbell",
="19348","Blackened American Whiskey","0",".375L","85","MHW/ Sweet Amber Ventures","255","Nick Pourasef",
="19349","Jameson Orange","0","50ML","54","Pernod Ricard USA","162","Jack Wooten",
="19351","Jefferson's Rye Cognac Single Barrel (BTB)","0",".75L","36","Pernod Ricard USA","108","Jack Wooten",
="19353","Foursquare Indelible","0",".75L","80","Altamar Brands LLC","240","Nick Pourasef",
="19356","Pusser's British Navy 1L","0","1.00L","55","Shaw-Ross International","165","Barry Sessoms",
="19358","Widow Jane Lucky 13 Small Batch Bourbon","0",".75L","100","Heaven Hill","0","Nick Pourasef",
="19359","Widow Jane Decadence","0",".75L","100","Heaven Hill","0","Nick Pourasef",
="19360","Orphan Barrel - Muckety Muck 25Y","0",".75L","100","Diageo NA","300","Garrett Miller",
="19361","High N' Wicked The Wild Rover","0",".75L","100","Altamar Brands LLC","300","Nick Pourasef",
="19362","Jim Beam Orange PET","0","1.75L","52","Beam Suntory","156","Bill York",
="19363","Jim Beam Red Stag PET","0","1.75L","52","Beam Suntory","156","Bill York",
="19364","Jim Beam Vanilla PET","0","1.75L","52","Beam Suntory","156","Bill York",
="19365","Jim Beam Peach PET","0","1.75L","52","Beam Suntory","156","Bill York",
="19366","Jim Beam Honey PET","0","1.75L","52","Beam Suntory","156","Bill York",
="19367","Jim Beam Apple PET","0","1.75L","52","Beam Suntory","156","Bill York",
="19371","Clase Azul Plata","0",".75L","48","Tequilas Premium","144","Barry Sessoms",
="19372","Little Book Chapter 5 "The Invitation"","0",".75L","52","Beam Suntory","156","Bill York",
="19373","Maker's Mark Wood Finishing Series FAE 2","0",".75L","85","Beam Suntory","255","Bill York",
="19375","Glenmorangie Tale of Winter GB","0",".75L","110","Moet Hennessy","330","Garrett Miller",
="19378","Ciroc Pomegranate","0",".75L","60","Diageo NA","180","Garrett Miller",
="19388","Blackened X Willett","0",".75L","92","MHW/ Sweet Amber Ventures","276","Nick Pourasef",
="19389","Middle West Dark Pumpernickel Rye","0",".75L","80","Middle West Spirits","240","Jason Lemansky",
="19390","Don Julio 1942 Ultima Reserva","18",".75L","21","Diageo NA","63","Garrett Miller",
="19391","Don Julio Reposado Primavera","107",".75L","80","Diageo NA","240","Garrett Miller",
="19398","Foursquare 2009 Rum","0",".75L","80","Altamar Brands LLC","240","Nick Pourasef",
="19400","Glen Moray Elgin Classic w/ GLS","0",".75L","32","Sazerac/ 375 Park Ave Spirits","0","Nick Pourasef",
="19401","Glen Moray Tasting Collection","13","200ML","100","Sazerac/ 375 Park Ave Spirits","300","Nick Pourasef",
="19403","Magellan Gin Glass Pack","7",".75L","45","MHW/ Crillon Importers","135","Donavan Campbell",
="19404","Henri Bardouin (HB) Pastis Glass Pack","0",".75L","45","MHW/ Crillon Importers","0","Donavan Campbell",
="19406","Gin XII Glass Pack","0",".75L","45","MHW/ Crillon Importers","0","Donavan Campbell",
="19410","Amador D. B. Cabernet Barrel Finish","0",".75L","100","Trinchero Family Estates","300","Nick Pourasef",
="19411","Russell's Reserve 13Y","0",".75L","120","Campari America","0","Barry Sessoms",
="19420","Ciroc W/ 2 GLS","0",".75L","32","Diageo NA","96","Garrett Miller",
="19421","Smirnoff 80 w/ 50ML","0","1.75L","44","Diageo NA","132","Garrett Miller",
="19423","H Deringer Bourbon Whiskey VAP","0",".75L","42","Aiko Importers, Inc","126","Jeffrey A. Morse, Jr.",
="19426","Meiyo 15Y Japanese Whisky","0",".75L","150","Aiko Importers, Inc","450","Jeffrey A. Morse, Jr.",
="19427","Makoto 23Y Japanese Whisky","0",".75L","150","Aiko Importers, Inc","450","Jeffrey A. Morse, Jr.",
="19429","NC Creek Water Mud Mouth Coffee Whiskey RTD","59",".355L","19","MHW/ Creekwater","57","Amy Edwards",
="19430","BBC Collaborative Series Plantation Rum","0",".75L","100","Bardstown Bourbon Company","300","Nick Pourasef",
="19434","Devils River Coffee","0",".75L","80","Sazerac/ 375 Park Ave Spirits","0","Nick Pourasef",
="19440","Tres Generaciones Legacy","0",".75L","78","Beam Suntory","234","Bill York",
="19441","Jim Beam Bourbon Cream","0",".75L","70","Beam Suntory","0","Bill York",
="19450","Weller Special Reserve","0",".75L","50","Sazerac Co.","150","Rick Henry",
="19453","Disaronno Velvet Batita w/ 2 GLS","0",".75L","40","Disaronno International","0","Lauren Wiseman",
="19457","Amarula Vanilla Spice","0",".75L","115","Terlato Artisan Spirits","0","Barry Sessoms",
="19459","1800 Tequila Variety Pack .375L","0","1.125L","63","Proximo Spirits","0","Lauren Wiseman",
="19460","1800 Reposado w/ Ceramic Cup","0",".75L","40","Proximo Spirits","0","Lauren Wiseman",
="19461","Gran Centenario Reposado w/ MNT GLS","0",".75L","40","Proximo Spirits","0","Lauren Wiseman",
="19469","Hennessy VSOP Julien Colombier VAP","0",".75L","50","Moet Hennessy","150","Garrett Miller",
="19470","Hennessy XO 2022 Julien Colombier VAP","0",".75L","18","Moet Hennessy","54","Garrett Miller",
="19480","Monkey 47 w/ 2 GLS","0",".375L","28","Pernod Ricard USA","0","Jack Wooten",
="19493","Larios Rose","0","700ML","140","Beam Suntory","420","Bill York",
="19494","Larios Premium Gin","0","700ML","140","Beam Suntory","420","Bill York",
="19497","Country Smooth Sm Batch Bourbon Wsk","0",".75L","120","Country Smooth Spirits","360","Jason Lemansky",
="19498","Royal Portrush Open Course Coll. SM Scotch","0",".75L","44","Randolph Importing","132","Jason Lemansky",
="19500","Grand Mayan Reposado","0",".75L","48","M. S. Walker","0","Nick Pourasef",
="19509","Pinhook Bourbon (High Proof)","0",".75L","21","Pinhook Bourbon","63","Nick Pourasef",
="19510","I.W. Harper Cabernet Cask Reserve","220",".75L","48","Diageo NA","144","Garrett Miller",
="19511","Orphan Barrel - Fable & Folly 14YR","0",".75L","100","Diageo NA","300","Garrett Miller",
="19512","Joseph Magnus Cigar Blend Bourbon","0",".75L","64","WI, Inc","0","Barry Sessoms",
="19513","Joseph Magnus Straight Bourbon","0",".75L","64","WI, Inc","0","Barry Sessoms",
="19514","Murray Hill Club, A Bourbon Blend","0",".75L","64","WI, Inc","0","Barry Sessoms",
="19515","Hooten Young 15Y Barrel Proof American Whiskey","0",".75L","96","WI, Inc","288","Lauren Wiseman",
="19516","Hooten Young Cabernet Sauvignon Wine Cask Fin.","0",".75L","96","WI, Inc","288","Lauren Wiseman",
="19517","Hooten Young Petite Sirah Wine Cask Fin. Whiskey","0",".75L","96","WI, Inc","288","Lauren Wiseman",
="19518","Hooten Young Zinfandel Wine Cask Fin.","0",".75L","96","WI, Inc","288","Lauren Wiseman",
="19519","Sugarlands PGA Championship Lemonade","0",".75L","140","Sugarlands Distilling","420","Nick Pourasef",
="19522","Capt. Morgan Cherry Vanilla","0",".75L","70","Diageo NA","210","Garrett Miller",
="19523","High West High Country Single Malt","0",".75L","112","Constellation Brands","336","Bill York",
="19524","Thomas S. Moore Cognac Finish","0",".75L","112","Sazerac Co.","336","Rick Henry",
="19525","Thomas S. Moore Madeira Finish","0",".75L","112","Sazerac Co.","336","Rick Henry",
="19526","Thomas S. Moore Merlot Finish","0",".75L","112","Sazerac Co.","336","Rick Henry",
="19527","Thomas S. Moore Sherry Finish","8",".75L","112","Sazerac Co.","336","Rick Henry",
="19528","Amarula Ethiopian Coffee Cream Liqueur","1",".75L","55","Terlato Artisan Spirits","0","Barry Sessoms",
="19529","Uncle Nearest Straight Rye Whiskey","0",".75L","100","Park St Imp/ Uncle Nearest","300","Nick Pourasef",
="19534","Mr. Boston Holiday Nog","0",".75L","70","Sazerac Co.","0","Rick Henry",
="19535","Mr. Boston Holiday Nog","0","1.75L","90","Sazerac Co.","0","Rick Henry",
="19537","Lone Elm Honey Barrel Wheat Whiskey","37",".75L","80","Five Points Distilling","240","Jason Lemansky",
="19538","Lone Elm Sherry Cask Wheat Whiskey","56",".75L","80","Five Points Distilling","240","Jason Lemansky",
="19539","Stoli Mixology","16",".75L","50","Stoli Group USA","150","Donavan Campbell",
="19545","Littlemill Single Malt Scotch","5",".75L","1","Randolph Importing","3","Jason Lemansky",
="19546","Courage & Conviction w/ 3x 50ML","13",".75L","32","Park St Imp/ Virginia Distillery","0","Lauren Wiseman",
="19547","High Noon Pool Variety 8Pk","0","2.84L","104","E & J Gallo Winery","312","Donavan Campbell",
="19552","Don Q Coco Tropical Vibes VAP","0",".75L","35","Serralles USA","105","Lauren Wiseman",
="19553","A. Smith Bowman Cask Strength","0",".75L","120","Sazerac Co.","360","Rick Henry",
="19555","Roca Patron Reposado","0",".375L","48","Bacardi USA","144","Barry Sessoms",
="19565","Sombra Mezcal Reposado","0",".75L","80","Diageo NA","240","Barry Sessoms",
="19570","Pikesville Rye Whiskey","26",".75L","90","Heaven Hill","270","Nick Pourasef",
="19579","Maker's Mark 46 Cask & Priv. Sel. 375ML CoPk","0",".75L","40","Beam Suntory","120","Bill York",
="19580","Jim Beam W/ Highball Glass","0",".75L","45","Beam Suntory","135","Bill York",
="19581","Jim Beam Peach W/ Highball GLS","0",".75L","45","Beam Suntory","135","Bill York",
="19582","Jefferson's Ocean Aged at Sea","30",".375L","98","Pernod Ricard USA","0","Jack Wooten",
="19583","Tia Maria Cold Brew Coffee Frappe 4Pk","0","800ML","150","Disaronno International","450","Lauren Wiseman",
="19585","Mamitas Tequila and Soda Pineapple 4Pk","0","1.42L","104","Phusion Projects","312","Bill York",
="19586","Cutwater Vodka Soda Variety 8Pk","25","2.84L","100","Sazerac Co.","300","Donavan Campbell",
="19587","Cutwater Vodka Mule 4Pk","73","1.42L","100","Sazerac Co.","300","Donavan Campbell",
="19588","Cutwater Tequila Variety 6Pk","0","2.13L","100","Sazerac Co.","300","Donavan Campbell",
="19589","Cutwater Lime Margarita 4Pk","0","1.42L","100","Sazerac Co.","300","Donavan Campbell",
="19593","Tia Maria Matcha","0",".75L","50","Disaronno International","150","Lauren Wiseman",
="19594","Svedka Cherry Limeade","303","50ML","102","Constellation Brands","306","Bill York",
="19595","Ciroc Celebration VAP W/ 3x 50ml","0",".75L","32","Diageo NA","96","Garrett Miller",
="19603","JP Wiser's 23Y","0",".75L","50","Sazerac Co.","150","Barry Sessoms",
="19605","Bacardi Variety RTD 6Pk","815","2.13L","104","Bacardi USA","312","Barry Sessoms",
="19606","Bacardi Bahama Mama RTD 4Pk","816","1.42L","104","Bacardi USA","312","Barry Sessoms",
="19607","Hine Rare VSOP","0",".75L","105","Hotaling & Co.","315","Barry Sessoms",
="19608","Old Elk Sour Mash Small Batch Res","4",".75L","54","Old Elk Distillery","162","Barry Sessoms",
="19609","Lock Stock & Barrel 20Y","0",".75L","152","The Cooper Spirits Co.","456","Barry Sessoms",
="19611","Courage & Conviction Sherry Cask","0",".75L","80","Park St Imp/ Virginia Distillery","240","Lauren Wiseman",
="19612","Courage & Conviction Cuvee Cask","0",".75L","80","Park St Imp/ Virginia Distillery","240","Lauren Wiseman",
="19613","Courage & Conviction Bourbon Cask","0",".75L","80","Park St Imp/ Virginia Distillery","240","Lauren Wiseman",
="19614","Five Farms Irish Cream","0","50ML","165","McCormick Distilling Co.","495","Donavan Campbell",
="19615","The All Malt Bourbon Whiskey","0",".75L","40","Weldon Mills Distillery","63","Bruce Tyler",
="19616","The Club Long Island Iced Tea 4Pk","146","800ML","165","Sazerac Co.","495","Barry Sessoms",
="19617","Tito's Handmade Vodka","1604","1.00L","55","Fifth Generation","1100","Donavan Campbell",
="19620","Caribou Crossing","0",".75L","198","Sazerac Co.","0","Rick Henry",
="19622","Maker's Mark Wood Finishing Series 2021","0",".75L","85","Beam Suntory","255","Bill York",
="19623","Redbreast 27Y","0",".75L","72","Pernod Ricard USA","216","Jack Wooten",
="19626","Red Spot","0",".75L","80","Pernod Ricard USA","240","Jack Wooten",
="19628","George Dickel Single Barrel 15Y","0",".75L","45","Diageo NA","135","Garrett Miller",
="19629","Smooth Ambler Old Scout Rye","0",".75L","96","Pernod Ricard USA","0","Jack Wooten",
="19636","Party Can:Triple Spice Margarita","0","1.75L","90","MHW/ CNI Brands","270","Jason Lemansky",
="19640","Stoli elit","101",".375L","77","Stoli Group USA","231","Donavan Campbell",
="19642","Capt. Morgan Spiced 70 w/ 50ML","0","1.75L","40","Diageo NA","120","Garrett Miller",
="19643","Ketel One w/ Filthy Olives","0","1.75L","56","Diageo NA","168","Garrett Miller",
="19651","Maker's Mark","0","1.00L","42","Beam Suntory","126","Bill York",
="19653","NC Conniption Barrel Aged Gin","0",".75L","39","Durham Distillery","117","Melissa Katrincic",
="19655","Redemption Rye Rum Cask Finish","0",".75L","104","Deutsch Family W & S","312","Barry Sessoms",
="19656","Glen Moray Scotch 15Y w/ Gift Box","0",".75L","100","Sazerac/ 375 Park Ave Spirits","300","Nick Pourasef",
="19659","Blanton's Straight From The Barrel","0",".75L","90","Sazerac Co.","0","Rick Henry",
="19661","JP Wiser's 35Y","0",".75L","100","Sazerac/ 375 Park Ave Spirits","300","Barry Sessoms",
="19662","Patron Anejo Sherry Cask","0",".75L","21","Bacardi USA","63","Barry Sessoms",
="19664","Kinky Red Liqueur","13","50ML","160","Associated Brewing","480","Jason Lemansky",
="19673","99 Brands Candy Cane","0","250ML","14","Sazerac Co.","0","Rick Henry",
="19679","Crystal Head Onyx","0",".75L","56","Infinium Spirits","0","Lauren Wiseman",
="19688","Courage & Conviction","0","50ML","104","Park St Imp/ Virginia Distillery","312","Lauren Wiseman",
="19689","Middle West Bourbon Cream","0",".75L","80","Middle West Spirits","0","Jason Lemansky",
="19697","Gunpowder Irish Gin w/ GLS","0",".75L","48","Palm Bay International","0","Barry Sessoms",
="19698","Codigo 1530 Combo Pack","0","150ML","64","Pernod Ricard USA","0","Jack Wooten",
="19708","Wild Turkey Rare Breed Rye","185",".75L","120","Campari America","360","Barry Sessoms",
="19709","Maker's Mark 46 Cask Strength","0",".75L","102","Beam Suntory","255","Bill York",
="19710","Weller Single Barrel","0",".75L","100","Sazerac Co.","0","Rick Henry",
="19711","Knob Creek 15 Year","0",".75L","64","Beam Suntory","0","Bill York",
="19713","Elijah Craig Toasted Barrel","0",".75L","70","Heaven Hill","0","Nick Pourasef",
="19724","Broken Shed Vodka (1L)","128","1.00L","88","MHW/ Broken Shed","264","Bill York",
="19731","Bulleit Bourbon Single Barrel","15",".75L","66","Diageo NA","0","Garrett Miller",
="19735","Bird Dog Black Cherry VAP","0",".75L","105","Western Spirits Bev Co.","315","Donavan Campbell",
="19739","Glenmorangie Cadboll Estate","0",".75L","110","Moet Hennessy","330","Garrett Miller",
="19742","Crystal Head Rainbow Pride","0",".75L","60","Infinium Spirits","180","Lauren Wiseman",
="19744","Blended Malt Whiskey Release 06","0",".375L","15","Oak & Grist Distilling Co.","45","William Goldberg",
="19745","Cragganmore Distillers Edition 12Y","0",".75L","92","Diageo NA","276","Garrett Miller",
="19749","Van Gogh Classic Goghgirl Vodka","0",".75L","140","MHW/ Conecuh Ridge","420","Donavan Campbell",
="19755","Capt. Morgan Orange Vanilla Twist","0",".75L","70","Diageo NA","210","Garrett Miller",
="19759","Yellowstone Select (BTB)","0",".75L","90","Luxco","0","Donavan Campbell",
="19763","Western Son 50ml Variety VAP","260","500ML","144","Western Son Distillery","432","Jason Lemansky",
="19769","Smooth Ambler Barrel Program (BTB)","0",".75L","96","Pernod Ricard USA","0","Jack Wooten",
="19774","Larceny Barrel Proof","0",".75L","245","Heaven Hill","0","Nick Pourasef",
="19776","Bushmills w/ 2x 50ML","0",".75L","60","Proximo Spirits","180","Lauren Wiseman",
="19784","Kentucky Owl Bourbon Batch 10","0",".75L","112","Stoli Group USA","0","Donavan Campbell",
="19785","Ardbeg 19Y","0",".75L","100","Moet Hennessy","300","Garrett Miller",
="19788","Michter's Toasted Sour Mash Whiskey","0",".75L","132","Chatham Imports","0","Nick Pourasef",
="19791","Weller Full Proof","0",".75L","100","Sazerac Co.","0","Rick Henry",
="19794","WhistlePig 18Y Double Malt","0",".75L","68","WhistlePig","204","Jason Lemansky",
="19795","Notaboo E.T. 51 Espresso Vodka","141",".375L","120","American Spirits Exchange","360","Bruce DeBlock",
="19798","Kentucky Owl Straight Rye Batch 4","0",".75L","104","Stoli Group USA","0","Donavan Campbell",
="19802","Bacoo 12Y w/ Tiki Mug","0",".75L","55","Sans Wine & Spirits","0","Ruben Martinez",
="19809","Crystal Head Patriot Pkg","0","150ML","54","Infinium Spirits","162","Lauren Wiseman",
="19813","El Tesoro Extra Anjeo","0",".75L","68","Beam Suntory","204","Bill York",
="19815","El Mayor Cristalino 100% Agave","0",".75L","132","Luxco","396","Donavan Campbell",
="19816","Fifty Pounds London Dry Gin w/ GLS","14",".75L","25","Shaw-Ross International","75","Barry Sessoms",
="19817","Fireball Candy Cane","0","500ML","24","Sazerac Co.","0","Rick Henry",
="19826","Jameson Black Barrel w/ GLS","158",".75L","40","Pernod Ricard USA","0","Jack Wooten",
="19828","Johnnie Walker Black w/ 2 50MLs","0",".75L","50","Diageo NA","0","Garrett Miller",
="19831","Kraken Black Roast Coffee Rum","0",".75L","66","Proximo Spirits","198","Lauren Wiseman",
="19834","Maker’s Mark Wood Fin Series (SE4 X PR5)","0",".75L","85","Beam Suntory","255","Bill York",
="19837","Midnight Moon Peppermint 50ml","0","50ML","72","Piedmont Distillers","0","Donavan Campbell",
="19849","Midnight Moon Peppermint w/ 2 Shot GLS","0",".75L","72","Piedmont Distillers","0","Donavan Campbell",
="19854","Jackson Morgan Peppermint Mocha","0",".75L","90","Spirits of Tennessee","0","Jason Lemansky",
="19860","Jackson Morgan Salted Caramel","0",".75L","95","Spirits of Tennessee","0","Jason Lemansky",
="19866","Patron Extra Anejo","185",".375L","70","Bacardi USA","210","Barry Sessoms",
="19871","Notaboo E.T. 51","105","50ML","90","American Spirits Exchange","270","Bruce DeBlock",
="19894","Rua Sherry Cask","0",".75L","43","Great Wagon Road Distilling","129","Oliver Mulligan",
="19901","Sherry Cask Virginia-Highland Whisky","0",".75L","112","Park St Imp/ Virginia Distillery","0","Lauren Wiseman",
="19905","Laphroaig Cairdeas Fino Cask","0",".75L","88","Beam Suntory","264","Bill York",
="19912","St. Brendan's Irish Cream","0","50ML","72","Luxco","0","Donavan Campbell",
="19915","Fireball 50ML Party Bucket","216","1.00L","24","Sazerac Co.","336","Rick Henry",
="19922","Notaboo E.T. 51","0",".75L","120","American Spirits Exchange","360","Bruce DeBlock",
="19925","Maker's Mark w/ Shaker","0",".75L","35","Beam Suntory","105","Bill York",
="19926","Fireball Cinnamon Whisky PET","178","1.75L","70","Sazerac Co.","490","Rick Henry",
="19928","99 50ML Party Bucket","208","1.00L","24","Sazerac Co.","336","Rick Henry",
="19930","Chi Chi's Margarita","405","200ML","117","Sazerac Co.","351","Rick Henry",
="19931","Platinum 7X - 10Pk","0","50ML","102","Sazerac Co.","306","Rick Henry",
="19945","Henry McKenna Single Barrel","352",".75L","64","Heaven Hill","0","Nick Pourasef",
="19953","Basil Hayden's Caribbean Rye","0",".75L","96","Beam Suntory","288","Bill York",
="19955","George Dickel Bottled in Bond","0",".75L","50","Diageo NA","150","Garrett Miller",
="19960","Patron Anejo","0","200ML","120","Bacardi USA","360","Barry Sessoms",
="19962","Barrel Reserve Dark Rhythm Gin","0",".75L","30","Oak & Grist Distilling Co.","90","William Goldberg",
="19977","1792 12Y","0",".75L","102","Sazerac Co.","0","Barry Sessoms",
="19979","Appleton Estate 21Y","0",".75L","65","Campari America","195","Barry Sessoms",
="19994","Ciroc White Grape","0",".75L","60","Diageo NA","180","Garrett Miller",
="19995","Bailey's Red Velvet Cupcake","0",".75L","55","Diageo NA","165","Garrett Miller",
="19996","Lagavulin Offerman Guinness Cask Ed","0",".75L","115","Diageo NA","345","Garrett Miller",
="19999","Cruzan Watermelon","0",".75L","56","Beam Suntory","168","Bill York",
="20009","Cleveland Christmas Bourbon","1",".75L","88","Cleveland Whiskey","0","Jason Lemansky",
="20013","High West Whiskey Campfire","0",".75L","112","Constellation Brands","0","Bill York",
="20017","Jack Daniel's Winter Jack","0",".75L","70","Brown - Forman","0","Lauren Wiseman",
="20020","Elijah Craig Barrel Proof Small Batch","0",".75L","70","Heaven Hill","0","Nick Pourasef",
="20022","High West A Midwinter Nights Dram","0",".75L","112","Constellation Brands","0","Bill York",
="20025","Kentucky Owl St Patrick's Ed","0",".75L","116","Stoli Group USA","348","Donavan Campbell",
="20027","Old Ezra Brooks 7Y","0",".75L","120","Luxco","0","Donavan Campbell",
="20028","Kentucky Owl Straight Rye","0",".75L","104","Stoli Group USA","312","Donavan Campbell",
="20029","Elijah Craig 18Y","0",".75L","160","Heaven Hill","0","Nick Pourasef",
="20036","Basil Hayden's 10Y","0",".75L","96","Beam Suntory","288","Bill York",
="20040","Myers's Rum Reserve Dark","0",".75L","70","Sazerac Co.","210","Barry Sessoms",
="20041","Myers's Rum Signature Origin Coll. Guyana","40",".75L","92","Sazerac Co.","276","Barry Sessoms",
="20045","Myers's Rum Sig. Legends Legacy Blend No1","0",".75L","92","Sazerac Co.","276","Barry Sessoms",
="20046","Redbreast 21Y","0",".75L","152","Pernod Ricard USA","456","Jack Wooten",
="20058","Don Julio Reposado Private Casks","926",".75L","40","Diageo NA","120","Garrett Miller",
="20061","Bombay Sapphire Gift Tin","0",".75L","100","Bacardi USA","300","Barry Sessoms",
="20070","Jim Beam 4Y w/  Rock GLS","0",".75L","45","Beam Suntory","0","Bill York",
="20071","Hornitos Plata w/ Shot GLS","0",".75L","40","Beam Suntory","120","Bill York",
="20072","St. Germain Spritz w/Carafe","60",".75L","32","Bacardi USA","96","Barry Sessoms",
="20073","Jim Beam Black w/ Rock GLS","0",".75L","35","Beam Suntory","0","Bill York",
="20074","Jim Beam 4Y PET w/ 50ml","0","1.75L","52","Beam Suntory","4160","Bill York",
="20082","Woodford Reserve w/ Mint Julep Cup","0",".75L","42","Brown - Forman","126","Lauren Wiseman",
="20093","Sipsmith Strawberry Smash","0",".75L","110","Beam Suntory","330","Bill York",
="20095","Glenmorangie Taster Pack","0","400ML","88","Moet Hennessy","264","Garrett Miller",
="20105","Hennessy VSOP Maluma LED","0",".75L","56","Moet Hennessy","168","Garrett Miller",
="20106","Benchmark Egg Nog","0","1.75L","90","Sazerac Co.","0","Rick Henry",
="20107","Benchmark Egg Nog","0",".75L","75","Sazerac Co.","0","Rick Henry",
="20109","Christian Brothers Holiday Nog","0",".75L","50","Heaven Hill","0","Nick Pourasef",
="20110","Evan Williams Egg Nog","0",".75L","70","Heaven Hill","0","Nick Pourasef",
="20111","Evan Williams Egg Nog","0","1.75L","60","Heaven Hill","180","Nick Pourasef",
="20112","Glenmorangie Tale of Forest","0",".75L","110","Moet Hennessy","330","Garrett Miller",
="20113","Courvoisier Avant-Garde","0",".75L","96","Beam Suntory","288","Bill York",
="20115","NC Weldon Mills Bourbon Barrel Gin","69",".75L","40","Weldon Mills Distillery","120","Bruce Tyler",
="20118","Gentleman Jack w/ Sour Mix","0",".75L","56","Brown - Forman","0","Lauren Wiseman",
="20121","Remy Martin VSOP w/ 1738 50ml","23",".75L","54","Remy Cointreau USA","0","Lauren Wiseman",
="20122","Jack Daniel's TN Fire w/ 2 Shot GLS","0",".75L","60","Brown - Forman","0","Lauren Wiseman",
="20126","Old Elk Rye Whiskey Single Barrel","0",".75L","100","Old Elk Distillery","300","Barry Sessoms",
="20127","Malibu w/ Pineapple Juice","0","1.75L","52","Pernod Ricard USA","0","Jack Wooten",
="20129","The Macallan Classic Cut","0",".75L","104","Edrington Americas","312","Lauren Wiseman",
="20140","291 Colorado Rye Small Batch Whiskey","0",".75L","112","Distillery 291","336","Mark Fitlin",
="20145","Mamitas Tequila & Soda Lime 4Pk","0","1.42L","104","Phusion Projects","312","Bill York",
="20148","Fulton's Harvest Pumpkin Pie Cream Liqueur","0",".75L","55","Heaven Hill","165","Nick Pourasef",
="20154","Crown Royal Deluxe w/2 50ML's","340",".75L","40","Diageo NA","120","Garrett Miller",
="20156","Ketel One w/ Martini GLS","0",".75L","40","Diageo NA","0","Garrett Miller",
="20158","John Walker & Sons 200th Anniversary","0",".75L","104","Diageo NA","312","Garrett Miller",
="20159","John Walker & Sons Bicentenary Blend 28Y","0",".75L","36","Diageo NA","108","Garrett Miller",
="20160","NC Cherry Bounce Whiskey","0",".75L","30","South Mountain Distilling","90","Donald Smith",
="20162","NC Blended Malt Whiskey 05","0",".375L","15","Oak & Grist Distilling Co.","45","William Goldberg",
="20164","Bacardi 50ML Party Bucket","0","1.00L","40","Bacardi USA","120","Barry Sessoms",
="20169","1800 Silver Okuda San Miguel","0",".75L","76","Proximo Spirits","228","Lauren Wiseman",
="20170","1800 Silver w/ Taco Holder","0",".75L","48","Proximo Spirits","0","Lauren Wiseman",
="20175","Bailey's Apple Pie","0",".75L","55","Diageo NA","165","Garrett Miller",
="20183","Minor Case Straight Rye","0",".75L","95","Luxco","285","Donavan Campbell",
="20186","Weller CYPB","0",".75L","100","Sazerac Co.","0","Rick Henry",
="20192","E.H. Taylor Jr. Single Barrel Bourbon","2",".75L","100","Sazerac Co.","0","Rick Henry",
="20198","Jose Cuervo Trad. Reposado w/ Cantarito Mug","0",".75L","50","Proximo Spirits","0","Lauren Wiseman",
="20200","Jose Cuervo Esp Silver w/ Marg Mix","0",".75L","65","Proximo Spirits","0","Lauren Wiseman",
="20201","Jose Cuervo Esp Gold w/ Marg Mix","0",".75L","65","Proximo Spirits","0","Lauren Wiseman",
="20202","Jack Daniel's TN Honey w/ 2 Rock GLS","0",".75L","60","Brown - Forman","0","Lauren Wiseman",
="20203","Jose Cuervo Trad. Silver w/ Cantarito Mug","0",".75L","50","Proximo Spirits","0","Lauren Wiseman",
="20204","Jack Daniel's Holiday w/ GLS","0",".75L","60","Brown - Forman","0","Lauren Wiseman",
="20207","Woodford Reserve Master Collection","0","700ML","80","Brown - Forman","0","Lauren Wiseman",
="20209","Jack Daniel's Single Barrel w/ Snifter GL","0",".75L","42","Brown - Forman","0","Lauren Wiseman",
="20217","Talisker Distillers Edition","0",".75L","80","Diageo NA","240","Garrett Miller",
="20233","Crown Royal Salted Caramel","0",".75L","56","Diageo NA","168","Garrett Miller",
="20237","Grand Marnier w/ GLS","0",".75L","25","Campari America","0","Barry Sessoms",
="20238","Herradura Silver w/ 2 GLS","0",".75L","42","Brown - Forman","0","Lauren Wiseman",
="20243","Basil Hayden Subtle Smoke","0",".75L","110","Beam Suntory","330","Bill York",
="20246","Alberta Premium","0",".75L","56","Beam Suntory","168","Bill York",
="20249","NC Willie Simon Call's Apple Brandy","0",".375L","11","Call Family Distillers","33","Laura Call",
="20271","Angels Envy Cask Strength","0",".75L","56","Bacardi USA","0","Barry Sessoms",
="20274","Dewar's Double Double Aged","0",".75L","75","Bacardi USA","225","Barry Sessoms",
="20278","Dewar's 19Y US Open Bottle","0",".75L","88","Bacardi USA","264","Barry Sessoms",
="20279","Angels Envy Rye","544",".75L","108","Bacardi USA","324","Barry Sessoms",
="20286","Woodford Reserve Batch Proof","0",".75L","80","Brown - Forman","0","Lauren Wiseman",
="20309","Jack Daniel's Single Barrel Proof PC","0",".375L","98","Brown - Forman","294","Lauren Wiseman",
="20313","Grey Goose Night Vision","0","1.00L","88","Bacardi USA","264","Barry Sessoms",
="20314","Jack Daniel's Single Barrel Rye","0",".375L","98","Brown - Forman","294","Lauren Wiseman",
="20318","Deep Eddy W/ 3-50MLS VAP","0",".75L","45","Heaven Hill","135","Nick Pourasef",
="20324","Kikori","83",".75L","96","Diageo NA","288","Garrett Miller",
="20328","Hibiki 21Y","0",".75L","80","Beam Suntory","240","Bill York",
="20329","Johnnie Walker Black w/ 2 GLS","0",".75L","32","Diageo NA","0","Garrett Miller",
="20343","Cazadores RTD Variety 6Pk","982","2.13L","104","Bacardi USA","312","Barry Sessoms",
="20345","Cazadores Reposado w/Jarritos Grapefruit","97",".75L","24","Bacardi USA","72","Barry Sessoms",
="20348","Pendleton Directors Reserve 20Y","0",".75L","64","Proximo Spirits","0","Lauren Wiseman",
="20349","Lavender & Juniper Gin","0",".75L","100","Collective Arts USA","300","Jason Lemansky",
="20352","Rhubarb & Hibiscus Gin","0",".75L","100","Collective Arts USA","300","Jason Lemansky",
="20368","Cathead Sparkling Variety 8Pk","266","2.84L","104","Bottle Tree Beverage Co.","312","Bill York",
="20370","Bulleit Bourbon Barrel Strength","78",".75L","80","Diageo NA","240","Garrett Miller",
="20377","Michter's US*1 Unblended American Whiskey","0",".75L","0","Chatham Imports","0","Nick Pourasef",
="20381","Grey Goose w/ Martini GLS","193",".75L","24","Bacardi USA","0","Barry Sessoms",
="20382","Sagamore Spirit Rye Cask Strength","0",".75L","95","Sagamore Spirit","285","Lauren Wiseman",
="20391","Redbreast PX Edition","0",".75L","100","Pernod Ricard USA","300","Jack Wooten",
="20399","Johnnie Walker Blue Ghost & Rare","0",".75L","60","Diageo NA","180","Garrett Miller",
="20406","Fernet Branca Bitters w/ GLS","0",".75L","50","Park St Imp/ Branca USA","55","Lauren Wiseman",
="20410","Hpnotiq Gift Set","160",".75L","40","Heaven Hill","0","Nick Pourasef",
="20414","Lee W. Sinclair Four Grain","0",".75L","116","French Lick Wine & Spirits","348","Jason Lemansky",
="20418","Kentucky Owl Batch #12","0",".75L","112","Stoli Group USA","336","Donavan Campbell",
="20419","Bird Dog Blackberry VAP","6",".75L","90","Western Spirits Bev Co.","270","Donavan Campbell",
="20422","Davidoff VS Gift Set","0",".75L","30","Associated Brewing","0","Jason Lemansky",
="20425","Corralejo Reposado w/ GLS","0",".75L","52","Infinium Spirits","0","Lauren Wiseman",
="20426","Jack Daniel's Black w/ Coke GLS","0",".75L","60","Brown - Forman","180","Lauren Wiseman",
="20428","Ron Izalco 10Y","0","700ML","120","Phenomenal Spirits","360","Jason Lemansky",
="20429","Ron Barcelo Imperial w/ Rastal Rocks GLS","55",".75L","36","Shaw-Ross International","108","Barry Sessoms",
="20434","Ron Izalco 15Y","0","700ML","120","Phenomenal Spirits","360","Jason Lemansky",
="20438","Clase Azul Anejo","0",".75L","56","Tequilas Premium","168","Barry Sessoms",
="20439","Jack Daniel's Equity w/ 2 Rocks GLS","332",".75L","60","Brown - Forman","180","Lauren Wiseman",
="20444","Hennessy VS NBA 2021 flask","0","200ML","91","Moet Hennessy","273","Garrett Miller",
="20448","Grey Goose Original","156","1.00L","88","Bacardi USA","264","Barry Sessoms",
="20454","Templeton Rye Rare Cask Strength","0",".75L","100","Infinium Spirits","0","Lauren Wiseman",
="20464","Laphroaig Cairdeas Port & Wine","0",".75L","176","Beam Suntory","528","Bill York",
="20466","Corazon Expresiones Anejo Eagle Rare","0",".75L","204","Sazerac Co.","612","Rick Henry",
="20469","Kentucky Owl Mardi Gras XO","0",".75L","112","Stoli Group USA","336","Donavan Campbell",
="20473","Three Chord Amplify Rye Whiskey","0",".75L","84","Park St Imp/ Three Chord Bourbon","252","Jason Lemansky",
="20478","Three Chord Blended Bourbon Whiskey","0",".75L","84","Park St Imp/ Three Chord Bourbon","252","Jason Lemansky",
="20480","Hennessy VS NBA 2021 Ltd Ed","0",".75L","56","Moet Hennessy","168","Garrett Miller",
="20487","Svedka Tropics Variety 8Pk","270","2.84L","91","Constellation Brands","273","Bill York",
="20493","Kentucky Owl Takumi Edition","0",".75L","112","Stoli Group USA","336","Donavan Campbell",
="20506","Hornitos Reposado w/ Shot GLS","0",".75L","40","Beam Suntory","0","Bill York",
="20514","Christie Kerr Ltd Ed Single Malt","52",".75L","44","Randolph Importing","132","Jason Lemansky",
="20529","1792 Sweet Wheat Bourbon","0",".75L","102","Sazerac Co.","0","Barry Sessoms",
="20531","Yamazaki 12Y","0",".75L","240","Beam Suntory","720","Bill York",
="20536","1792 Single Barrel Bourbon","0",".75L","102","Sazerac Co.","0","Barry Sessoms",
="20538","1792 Full Proof","0",".75L","102","Sazerac Co.","0","Barry Sessoms",
="20553","1792 Bottled in Bond KSBW","0",".75L","102","Sazerac Co.","0","Barry Sessoms",
="20557","Casamigos Anejo","873","1.00L","80","Diageo dba Casamigos","240","Bill York",
="20558","Casamigos Blanco","820","1.00L","80","Diageo dba Casamigos","1000","Bill York",
="20562","Licor 43 w/ GLS","0",".75L","42","Park St Imp/ Zamora","0","Barry Sessoms",
="20564","Casamigos Mezcal Joven","257","1.00L","80","Diageo dba Casamigos","240","Bill York",
="20569","Casamigos Reposado","0","1.00L","80","Diageo dba Casamigos","240","Bill York",
="20573","Evan Williams Spiced Cider","0",".75L","70","Heaven Hill","0","Nick Pourasef",
="20581","E.H. Taylor Jr. Small Batch","0",".75L","100","Sazerac Co.","0","Rick Henry",
="20582","E.H. Taylor Jr. Straight Rye Whiskey","0",".75L","100","Sazerac Co.","0","Rick Henry",
="20595","Stagg Bourbon","177",".75L","100","Sazerac Co.","0","Rick Henry",
="20598","Hennessy XO NBA 2021 Ltd Ed","0",".75L","40","Moet Hennessy","120","Garrett Miller",
="20610","Crystal Head w/ Skull GLS","0",".75L","49","Infinium Spirits","0","Lauren Wiseman",
="20611","Buffalo Trace Bourbon Whiskey","1164",".75L","55","Sazerac Co.","0","Rick Henry",
="20612","Sazerac Rye 6Y","102",".75L","88","Sazerac Co.","0","Rick Henry",
="20623","Belvedere Pure Midnight Saber Luminous","0","1.75L","48","Moet Hennessy","144","Garrett Miller",
="20624","Buffalo Trace Bourbon Cream","206",".75L","50","Sazerac Co.","0","Rick Henry",
="20625","Jack Daniel's Family of Brands","0","250ML","63","Brown - Forman","0","Lauren Wiseman",
="20630","Effen Pride Sleeve","0",".75L","112","Beam Suntory","336","Bill York",
="20632","Smirnoff Red White & Berry","0","1.75L","80","Diageo NA","240","Garrett Miller",
="20636","I.W. Harper 15Y","0",".75L","50","Diageo NA","0","Garrett Miller",
="20638","Patron Estate Release","0",".75L","84","Bacardi USA","252","Barry Sessoms",
="20651","Status Platinum Ukrainian Vodka","0","1.75L","60","Aiko Importers, Inc","180","Jeffrey A. Morse, Jr.",
="20652","Status Platinum Ukrainian Vodka","0","1.00L","60","Aiko Importers, Inc","180","Jeffrey A. Morse, Jr.",
="20653","Bols Cocktails Azul Margarita","0",".375L","95","MHW/ Lucas Bols","285","Lauren Wiseman",
="20655","Bols Cocktails Espresso Martini","138",".375L","95","MHW/ Lucas Bols","285","Lauren Wiseman",
="20678","Smirnoff Red White & Berry","0",".75L","70","Diageo NA","210","Garrett Miller",
="20687","Town Branch True Cask Bourbon","0",".75L","60","Lexington Distilling Co.","180","Jason Lemansky",
="20688","Middle West Wheat Whiskey","0",".75L","80","Middle West Spirits","240","Jason Lemansky",
="20689","Yeyo Silver Tequila","0",".75L","88","American Spirits Exchange","264","Mark Fitlin",
="20706","Maker's Mark 101","71",".75L","102","Beam Suntory","306","Bill York",
="20718","Bushmills Prohibition Recipe Peaky Blinders","0",".75L","60","Proximo Spirits","180","Lauren Wiseman",
="20722","Collector's Edition Bi-Plane Bourbon","0","1.00L","16","Aiko Importers, Inc","48","Jeffrey A. Morse, Jr.",
="20723","Grey Goose w/ Martini GLS","0","1.75L","36","Bacardi USA","0","Barry Sessoms",
="20726","NC Kill Devil Rum Winter Solspice","0",".75L","29","Outer Banks Craft Distilling","87","Lauren Wiseman",
="20735","Collector's Edition - Antique Car Bourbon","101","1.00L","18","Aiko Importers, Inc","54","Jeffrey A. Morse, Jr.",
="20737","La Bestia Tiger Anejo Tequila","0","1.75L","18","Aiko Importers, Inc","54","Jeffrey A. Morse, Jr.",
="20746","Bushmills  w/ Golf Flask","0",".75L","50","Proximo Spirits","0","Lauren Wiseman",
="20749","WhistlePig PiggyBack Rye","101","50ML","64","WhistlePig","192","Jason Lemansky",
="20753","WhistlePig Smokestock Whiskey","0",".75L","110","WhistlePig","330","Jason Lemansky",
="20769","Day Chaser Vodka + Soda Variety 8Pk","43","2.84L","78","Vermont Hard Cider Company","234","Jason Lemansky",
="20771","Day Chaser Tequila + Soda Variety 8Pk","53","2.84L","78","Vermont Hard Cider Company","234","Jason Lemansky",
="20773","Michter's Toasted Finished US1 Bourbon","0",".75L","190","Chatham Imports","570","Nick Pourasef",
="20775","Citronge Orange","143","1.00L","40","Bacardi USA","120","Barry Sessoms",
="20780","Crown Royal Northern Harvest Rye","104","1.00L","30","Diageo NA","90","Garrett Miller",
="20784","Casa Noble Marques De Casa Noble Anejo Tequila","48",".75L","75","Constellation Brands","225","Bill York",
="20785","First Stake Cask Strength Bourbon Whiskey","47",".75L","88","Axe and the Oak Distillery","264","Jason Lemansky",
="20787","Crown Royal Hand Selected Barrel (BTB)","0",".75L","18","Diageo NA","0","Garrett Miller",
="20788","Crown Royal w/ Panthers VAP","0",".75L","36","Diageo NA","108","Garrett Miller",
="20791","George Dickel Leopold Collaboration Rye","115",".75L","72","Diageo NA","216","Garrett Miller",
="20792","Knob Creek 2001 Limited Edition","0",".75L","60","Beam Suntory","180","Bill York",
="20794","Hakushu 12Y","0",".75L","44","Beam Suntory","132","Bill York",
="20795","Hakushu 18Y","0",".75L","100","Beam Suntory","300","Bill York",
="20796","Glenkinchie Distillers Edition","1",".75L","80","Diageo NA","240","Garrett Miller",
="20808","Smirnoff Peppermint Twist","0",".75L","70","Diageo NA","210","Garrett Miller",
="20811","Crown Royal w/ GLS","0",".75L","30","Diageo NA","90","Garrett Miller",
="20815","NC Kill Devil Rum Shipwreck Series","0",".75L","30","Outer Banks Craft Distilling","90","Lauren Wiseman",
="20817","Penelope Bourbon Private Select","0",".75L","100","Luxco","300","Donavan Campbell",
="20843","Jameson 18Y","0",".75L","72","Pernod Ricard USA","0","Jack Wooten",
="20848","Kraken Rum w/ Tiki Glass","0",".75L","54","Proximo Spirits","162","Lauren Wiseman",
="20858","Notaboo E.T.51 Premium Rum","46",".75L","75","American Spirits Exchange","225","Bruce DeBlock",
="20862","William Dalton Wheated Bourbon BIB","0",".75L","116","French Lick Wine & Spirits","348","Jason Lemansky",
="20869","Dixie Southern Vodka","0","50ML","112","Park St Imp/ Grain & Barrel Spirits","336","Nick Pourasef",
="20871","Corazon Expressiones Thomas Handy Anejo","0",".75L","204","Sazerac Co.","612","Rick Henry",
="20873","Dalwhinnie Distillers Edition","0",".75L","96","Diageo NA","288","Garrett Miller",
="20875","Lagavulin Distillers Edition","0",".75L","92","Diageo NA","276","Garrett Miller",
="20876","Oban Distillers Edition","0",".75L","92","Diageo NA","276","Garrett Miller",
="20878","Woodinville Straight Rye SB Program","0",".75L","60","Moet Hennessy","180","Garrett Miller",
="20886","Rebel 10Y S.B. Bourbon","0",".75L","72","Luxco","0","Donavan Campbell",
="20893","Engine Organic Gin","0",".75L","70","Disaronno International","210","Lauren Wiseman",
="20899","Casamigos Blanco w/ Margarita Glass","140",".75L","24","Diageo dba Casamigos","72","Bill York",
="20914","Balcones Texas Pot Still Bourbon","0",".75L","96","Diageo NA","0","Garrett Miller",
="20916","Gran Centenario Leyenda Anejo","0",".75L","56","Proximo Spirits","168","Lauren Wiseman",
="20918","Grand Mayan Silver Tequila","0",".75L","48","M. S. Walker","0","Nick Pourasef",
="20925","Aviation Gin w/ Shaker","43",".75L","45","Diageo NA","135","Barry Sessoms",
="20927","Ciroc w/ 2x 50ML","224",".75L","45","Diageo NA","135","Garrett Miller",
="20941","C.B. Fisher's Christmas Whiskey","0",".375L","46","Fainting Goat Spirits","0","Jason Lemansky",
="20948","Fireball Holiday Pack","0",".75L","108","Sazerac Co.","0","Rick Henry",
="20951","Cardenal Mendoza w/ Snifter","21",".75L","36","Shaw-Ross International","108","Barry Sessoms",
="20952","Glengoyne Single Malt 12Y w/ GLS","29",".75L","32","Shaw-Ross International","96","Barry Sessoms",
="20953","Liquore Strega in Gift Tin","0",".75L","55","Shaw-Ross International","165","Barry Sessoms",
="20957","Elijah Craig Small Batch Holiday VAP","0",".75L","65","Heaven Hill","0","Nick Pourasef",
="20961","Gran Centenario Anejo w/ Coasters","0",".75L","50","Proximo Spirits","135","Lauren Wiseman",
="20980","Breckenridge Spiced Whiskey","0",".75L","108","Breckenridge Distillery","0","Nick Pourasef",
="21016","99 Mangoes","266","50ML","102","Sazerac Co.","306","Rick Henry",
="21021","Rebel 4Y 100P","0","50ML","96","Luxco","288","Donavan Campbell",
="21116","Fireball Cinnamon Whisky","2548","50ML","108","Sazerac Co.","3672","Rick Henry",
="21122","Ciroc Summer Watermelon","0","50ML","108","Diageo NA","324","Garrett Miller",
="21126","Skrewball Peanut Butter Whiskey","325","50ML","80","Pernod Ricard USA","400","Jack Wooten",
="21129","Johnnie Walker Blue","29","50ML","68","Diageo NA","204","Garrett Miller",
="21130","Deep Eddy Lime Vodka","75","50ML","102","Heaven Hill","306","Nick Pourasef",
="21132","Rain Vodka","379","50ML","150","Sazerac Co.","450","Rick Henry",
="21134","1800 Silver - 10Pk","691","50ML","100","Proximo Spirits","400","Lauren Wiseman",
="21135","1800 Reposado - 10Pk","534","50ML","100","Proximo Spirits","400","Lauren Wiseman",
="21137","Casamigos Blanco","255","50ML","91","Diageo dba Casamigos","364","Bill York",
="21166","NC Midnight Moon Rebel Razz","76","50ML","72","Piedmont Distillers","216","Donavan Campbell",
="21167","NC Midnight Moon Watermelon","74","50ML","72","Piedmont Distillers","216","Donavan Campbell",
="21169","New Amsterdam Pink Whitney","337","50ML","102","E & J Gallo Winery","510","Donavan Campbell",
="21171","Jameson Irish - 10Pk","110","50ML","54","Pernod Ricard USA","162","Jack Wooten",
="21172","RumChata - 10Pk","118","50ML","96","E & J Gallo Winery","192","Donavan Campbell",
="21173","NC Midnight Moon Apple Pie","80","50ML","72","Piedmont Distillers","216","Donavan Campbell",
="21175","Avion Silver - 10Pk","0","50ML","90","Pernod Ricard USA","180","Jack Wooten",
="21180","New Amsterdam Vodka - 10Pk","209","50ML","70","E & J Gallo Winery","714","Donavan Campbell",
="21181","New Amsterdam Stratusphere Gin","217","50ML","70","E & J Gallo Winery","280","Donavan Campbell",
="21183","Smirnoff Vanilla - 10Pk","149","50ML","120","Diageo NA","270","Garrett Miller",
="21184","Ciroc","101","50ML","108","Diageo NA","216","Garrett Miller",
="21185","Ciroc Peach","0","50ML","108","Diageo NA","216","Garrett Miller",
="21190","Smirnoff Raspberry - 10Pk","194","50ML","120","Diageo NA","360","Garrett Miller",
="21191","Smirnoff Peach - 10Pk","187","50ML","120","Diageo NA","360","Garrett Miller",
="21196","Ole Smoky Apple Pie Moonshine","282","50ML","130","Ole Smoky Distillery","390","Barry Sessoms",
="21200","Pearl Vodka - 10PK","168","50ML","96","Luxco","288","Donavan Campbell",
="21201","Smirnoff Orange - 10Pk","184","50ML","120","Diageo NA","360","Garrett Miller",
="21205","Smirnoff Whipped Cream - 10Pk","0","50ML","90","Diageo NA","360","Garrett Miller",
="21209","Kraken Original Rum -15Pk","258","50ML","126","Proximo Spirits","320","Lauren Wiseman",
="21217","Elijah Craig Small Batch","698","50ML","204","Heaven Hill","612","Nick Pourasef",
="21221","Wild Turkey American Honey - 12Pk","102","50ML","108","Campari America","204","Barry Sessoms",
="21231","99 Strawberry","122","50ML","102","Sazerac Co.","306","Rick Henry",
="21232","99 Apples","0","50ML","102","Sazerac Co.","306","Rick Henry",
="21234","Burnett's 80","330","50ML","102","Heaven Hill","204","Nick Pourasef",
="21236","Jim Beam Kentucky Fire","292","50ML","108","Beam Suntory","216","Bill York",
="21242","Capt. Morgan Spiced 70 - 10Pk","64","50ML","120","Diageo NA","240","Garrett Miller",
="21243","Woodford Reserve - 12Pk (PET)","0","50ML","77","Brown - Forman","154","Lauren Wiseman",
="21244","Grey Goose","88","50ML","63","Bacardi USA","189","Barry Sessoms",
="21261","Jim Beam Peach","256","50ML","108","Beam Suntory","324","Bill York",
="21262","99 Bananas - 10Pk","273","50ML","102","Sazerac Co.","408","Rick Henry",
="21266","Evan Williams Peach","235","50ML","102","Heaven Hill","204","Nick Pourasef",
="21268","New Amsterdam Apple Flavored","378","50ML","98","E & J Gallo Winery","408","Donavan Campbell",
="21270","Skyy Vodka - 12Pk","256","50ML","102","Campari America","243","Barry Sessoms",
="21274","Crown Royal Regal Apple","0","50ML","165","Diageo NA","990","Garrett Miller",
="21275","99 Blue Raspberries","351","50ML","102","Sazerac Co.","306","Rick Henry",
="21277","E & J Brandy - 10Pk","210","50ML","70","E & J Gallo Winery","420","Donavan Campbell",
="21281","99 Pink Lemonade","185","50ML","102","Sazerac Co.","306","Rick Henry",
="21284","99 Fruit Punch","286","50ML","102","Sazerac Co.","306","Rick Henry",
="21286","99 Long Island Iced Tea","327","50ML","102","Sazerac Co.","306","Rick Henry",
="21287","Ketel One - 12Pk","56","50ML","120","Diageo NA","240","Garrett Miller",
="21292","99 Butterscotch","241","50ML","102","Sazerac Co.","306","Rick Henry",
="21293","99 Watermelon","311","50ML","102","Sazerac Co.","306","Rick Henry",
="21295","99 Pineapples","365","50ML","102","Sazerac Co.","306","Rick Henry",
="21302","Johnnie Walker Black Label - 12Pk","3","50ML","108","Diageo NA","216","Garrett Miller",
="21303","Evan Williams Black Label - 10Pk","142","50ML","102","Heaven Hill","510","Nick Pourasef",
="21304","Evan Williams Honey","136","50ML","102","Heaven Hill","306","Nick Pourasef",
="21307","DiSaronno Amaretto - 20Pk","222","50ML","48","Disaronno International","192","Lauren Wiseman",
="21313","Jose Cuervo Especial Gold - 10Pk","513","50ML","114","Proximo Spirits","456","Lauren Wiseman",
="21314","Hennessy VS - 12Pk","76","50ML","40","Moet Hennessy","160","Garrett Miller",
="21320","Jim Beam Honey - 10Pk","181","50ML","108","Beam Suntory","324","Bill York",
="21321","Maker's Mark - 12Pk","117","50ML","65","Beam Suntory","130","Bill York",
="21323","Paul Masson Grande Amber","227","50ML","108","Sazerac Co.","306","Rick Henry",
="21328","Kinky Fruit Punch Liqueur","295","50ML","160","Associated Brewing","480","Jason Lemansky",
="21341","Cinerator Hot Cinnamon Liqueur - 10Pk","104","50ML","102","Heaven Hill","306","Nick Pourasef",
="21345","Crown Royal Black","0","50ML","165","Diageo NA","330","Garrett Miller",
="21348","Bacardi Superior Rum - 10Pk","379","50ML","96","Bacardi USA","480","Barry Sessoms",
="21349","Jim Beam 4Y - 10Pk","234","50ML","108","Beam Suntory","324","Bill York",
="21350","Smirnoff 80 - 10Pk","50","50ML","120","Diageo NA","1560","Garrett Miller",
="21351","Crown Royal - 6Pk","328","50ML","165","Diageo NA","660","Garrett Miller",
="21352","Seagram's Extra Dry - 10Pk","202","50ML","81","Pernod Ricard USA","729","Jack Wooten",
="21356","Hpnotiq - 12Pk","106","50ML","66","Heaven Hill","132","Nick Pourasef",
="21358","Jack Daniel's Black - 10Pk","201","50ML","90","Brown - Forman","360","Lauren Wiseman",
="21359","Johnnie Walker Red Label - 12Pk","27","50ML","108","Diageo NA","216","Garrett Miller",
="21360","Jack Daniel's Honey","309","50ML","90","Brown - Forman","360","Lauren Wiseman",
="21361","Tanqueray Gin - 12Pk","25","50ML","75","Diageo NA","225","Garrett Miller",
="21362","Canadian Mist - 10Pk","290","50ML","90","Sazerac Co.","360","Rick Henry",
="21363","Absolut - 12Pk","219","50ML","66","Pernod Ricard USA","330","Jack Wooten",
="21364","Grand Marnier Cordon Rouge  - 12Pk","136","50ML","56","Campari America","168","Barry Sessoms",
="21366","Wild Turkey 101 - 10Pk","150","50ML","102","Campari America","162","Barry Sessoms",
="21374","Gentleman Jack - 12Pk","159","50ML","55","Brown - Forman","220","Lauren Wiseman",
="21378","Jack Daniel's Tennessee Fire","350","50ML","90","Brown - Forman","360","Lauren Wiseman",
="21379","Jim Beam Apple","0","50ML","108","Beam Suntory","432","Bill York",
="21380","Ciroc Apple","55","50ML","108","Diageo NA","216","Garrett Miller",
="21384","Crown Royal Vanilla","167","50ML","165","Diageo NA","396","Garrett Miller",
="21385","Deep Eddy Lemon","376","50ML","102","Heaven Hill","612","Nick Pourasef",
="21387","Kahlua Coffee - 10Pk","149","50ML","117","Pernod Ricard USA","234","Jack Wooten",
="21388","Jim Beam Vanilla","192","50ML","108","Beam Suntory","324","Bill York",
="21392","Christian Brothers - 10Pk","138","50ML","102","Heaven Hill","306","Nick Pourasef",
="21396","Bailey's Irish Cream - 20Pk","140","50ML","100","Diageo NA","300","Garrett Miller",
="21402","Rumple Minze - 10Pk","14","50ML","110","Diageo NA","360","Garrett Miller",
="21405","Pinnacle - 12Pk","158","50ML","102","Beam Suntory","306","Bill York",
="21413","NC Jr. Walton's Authentic Carolina Moonshine","83","50ML","100","Walton's Distillery","200","Donald Walton Jr",
="21414","Bulleit Bourbon","122","50ML","65","Diageo NA","130","Garrett Miller",
="21424","Deep Eddy Orange","350","50ML","102","Heaven Hill","204","Nick Pourasef",
="21426","Deep Eddy Peach","137","50ML","102","Heaven Hill","306","Nick Pourasef",
="21427","Deep Eddy Cranberry","265","50ML","102","Heaven Hill","204","Nick Pourasef",
="21430","Deep Eddy Vodka","0","50ML","102","Heaven Hill","306","Nick Pourasef",
="21431","Deep Eddy Ruby Red Grapefruit","0","50ML","102","Heaven Hill","306","Nick Pourasef",
="21433","Smirnoff 100 - 10Pk","153","50ML","120","Diageo NA","360","Garrett Miller",
="21436","Southern Comfort","217","50ML","102","Sazerac Co.","408","Rick Henry",
="21437","Absolut Citron - 12Pk","65","50ML","66","Pernod Ricard USA","132","Jack Wooten",
="21453","Don Julio Blanco","0","50ML","72","Diageo NA","216","Garrett Miller",
="21457","Lunazul Blanco","446","50ML","92","Heaven Hill","368","Nick Pourasef",
="21458","Lunazul Reposado","367","50ML","92","Heaven Hill","276","Nick Pourasef",
="21459","Jagermeister - 24Pk","33","50ML","30","Mast-Jagermeister US","120","Barry Sessoms",
="21462","Smirnoff Citrus - 10Pk","94","50ML","90","Diageo NA","270","Garrett Miller",
="21464","Goldschlager Cinnamon Schnapps - 12Pk","0","50ML","102","Sazerac Co.","306","Barry Sessoms",
="21472","Bacardi Limon - 10Pk","0","50ML","96","Bacardi USA","336","Barry Sessoms",
="21473","Bacardi Gold - 10Pk","38","50ML","96","Bacardi USA","192","Barry Sessoms",
="21483","New Amsterdam Peach Flavored","266","50ML","102","E & J Gallo Winery","408","Donavan Campbell",
="21484","New Amsterdam Pineapple Flavored","326","50ML","102","E & J Gallo Winery","408","Donavan Campbell",
="21487","E & J VSOP Brandy - 10Pk","182","50ML","70","E & J Gallo Winery","420","Donavan Campbell",
="21492","Larceny","128","50ML","102","Heaven Hill","306","Nick Pourasef",
="21515","Jim Beam Red Stag","178","50ML","108","Beam Suntory","324","Bill York",
="21517","Capt. Morgan Spiced 100","34","50ML","120","Diageo NA","150","Garrett Miller",
="21547","Jack Daniel's TN Apple","202","50ML","90","Brown - Forman","360","Lauren Wiseman",
="21566","NC Mag Walton's Salted Caramel Moonshine","114","50ML","100","Walton's Distillery","300","Donald Walton Jr",
="21573","NC Social House Vodka","15","50ML","65","Three Stacks Distilling Co.","195","Cary Joshi",
="21580","Kinky Pink Liqueur - 10Pk","279","50ML","160","Associated Brewing","480","Jason Lemansky",
="21581","Kinky Blue Liqueur - 10Pk","86","50ML","160","Associated Brewing","480","Jason Lemansky",
="21584","Kinky Green","232","50ML","160","Associated Brewing","384","Jason Lemansky",
="21593","Kinky Aloha Liqueur","359","50ML","160","Associated Brewing","480","Jason Lemansky",
="21597","Tito's Handmade Vodka","365","50ML","130","Fifth Generation","1040","Donavan Campbell",
="21612","Ole Smoky Banana Pudding Cream","160","50ML","130","Ole Smoky Distillery","390","Barry Sessoms",
="21613","Ole Smoky Butter Pecan","123","50ML","130","Ole Smoky Distillery","390","Barry Sessoms",
="21615","Ole Smoky Mountain Java","393","50ML","130","Ole Smoky Distillery","390","Barry Sessoms",
="21800","Courvoisier VS","478","100ML","140","Beam Suntory","560","Bill York",
="21806","Courvoisier VS","137","200ML","78","Beam Suntory","156","Bill York",
="21807","Hennessy VS","201","100ML","44","Moet Hennessy","264","Garrett Miller",
="21814","Paul Masson Grande Amber (PET)","713","100ML","140","Sazerac Co.","560","Rick Henry",
="21819","Maker's Mark","164","200ML","90","Beam Suntory","270","Bill York",
="21821","Gentleman Jack","629","200ML","98","Brown - Forman","392","Lauren Wiseman",
="21824","Patron Silver","613","100ML","242","Bacardi USA","726","Barry Sessoms",
="21826","Jack Daniel's TN Honey PET","229","200ML","63","Brown - Forman","252","Lauren Wiseman",
="21828","1800 Silver Tequila Reserva","122","200ML","60","Proximo Spirits","240","Lauren Wiseman",
="21836","Platinum 7X","350","100ML","140","Sazerac Co.","420","Rick Henry",
="21837","Woodford Reserve","257","200ML","90","Brown - Forman","270","Lauren Wiseman",
="21838","Remy Martin VSOP","97","200ML","72","Remy Cointreau USA","160","Lauren Wiseman",
="21839","Seagram's Extra Smooth","367","200ML","96","Infinium Spirits","384","Lauren Wiseman",
="21841","Tito's Handmade Vodka","378","200ML","72","Fifth Generation","432","Donavan Campbell",
="21851","D'Usse VSOP","421","200ML","105","Bacardi USA","525","Barry Sessoms",
="21856","Jameson Irish Flask","97","200ML","84","Pernod Ricard USA","252","Jack Wooten",
="21861","New Amsterdam Vodka","296","200ML","88","E & J Gallo Winery","416","Donavan Campbell",
="21868","Taaka Vodka 80P","193","200ML","80","Sazerac Co.","480","Rick Henry",
="21872","Jose Cuervo White Peach Light","330","200ML","144","Proximo Spirits","432","Lauren Wiseman",
="21900","Ciroc","0","200ML","80","Diageo NA","240","Garrett Miller",
="21960","Fireball Cinnamon Whisky PET","665","100ML","140","Sazerac Co.","560","Rick Henry",
="21961","Crown Royal Regal Apple","17","200ML","63","Diageo NA","126","Garrett Miller",
="21962","Fireball Cinnamon Whisky","489","200ML","72","Sazerac Co.","432","Rick Henry",
="21964","E & J VSOP","181","200ML","88","E & J Gallo Winery","352","Donavan Campbell",
="21967","Grey Goose","282","200ML","145","Bacardi USA","435","Barry Sessoms",
="21969","Bacardi Superior","0","200ML","114","Bacardi USA","224","Barry Sessoms",
="21973","Jack Daniel's Black Label PET","475","200ML","63","Brown - Forman","252","Lauren Wiseman",
="21974","Canadian Mist","263","200ML","64","Sazerac Co.","192","Rick Henry",
="21976","Smirnoff 80","135","200ML","72","Diageo NA","360","Garrett Miller",
="21977","Smirnoff 100","72","200ML","72","Diageo NA","144","Garrett Miller",
="21978","Jose Cuervo Especial Gold","118","200ML","49","Proximo Spirits","196","Lauren Wiseman",
="21981","Jose Cuervo Especial Silver","178","200ML","49","Proximo Spirits","196","Lauren Wiseman",
="21983","E & J","364","200ML","88","E & J Gallo Winery","528","Donavan Campbell",
="21984","Absolut Vodka","169","200ML","96","Pernod Ricard USA","288","Jack Wooten",
="21985","Jim Beam 4Y","0","200ML","77","Beam Suntory","154","Bill York",
="21986","Burnett's Vodka","147","200ML","80","Heaven Hill","160","Nick Pourasef",
="21987","Evan Williams Black Label","238","200ML","80","Heaven Hill","240","Nick Pourasef",
="21988","Hpnotiq","198","200ML","72","Heaven Hill","216","Nick Pourasef",
="21989","Christian Brothers VS","556","200ML","66","Heaven Hill","330","Nick Pourasef",
="21990","Wild Turkey 101","235","200ML","140","Campari America","224","Barry Sessoms",
="21991","Seagram's Extra Dry Gin PET","129","200ML","70","Pernod Ricard USA","490","Jack Wooten",
="21995","Hennessy VS","428","200ML","91","Moet Hennessy","455","Garrett Miller",
="21997","Jagermeister Liqueur","102","200ML","30","Mast-Jagermeister US","120","Barry Sessoms",
="21999","Crown Royal","126","200ML","63","Diageo NA","252","Garrett Miller",
="22003","Svedka","413","200ML","144","Constellation Brands","576","Bill York",
="22067","Evan Williams White BIB","738","1.75L","60","Heaven Hill","1300","Nick Pourasef",
="22068","Evan Williams White Label BIB","1493",".75L","70","Heaven Hill","770","Nick Pourasef",
="22069","Evan Williams White BIB","351",".375L","98","Heaven Hill","294","Nick Pourasef",
="22234","Old Forester Signature Bonded 100P","0","1.75L","48","Brown - Forman","180","Lauren Wiseman",
="22235","Old Forester 100P","382",".75L","60","Brown - Forman","240","Lauren Wiseman",
="22256","Old Grand Dad Bonded 100P","0",".75L","48","Beam Suntory","180","Bill York",
="22361","Bulleit Rye","135","1.75L","60","Diageo NA","180","Garrett Miller",
="22362","Bulleit Rye","88",".75L","66","Diageo NA","660","Garrett Miller",
="22363","Bulleit Rye","121",".375L","96","Diageo NA","192","Garrett Miller",
="22369","Barrell Seagrass Rye Whiskey","219",".75L","80","MHW/ Barrell Craft","240","Barry Sessoms",
="22373","Michter's US*1 Rye Whiskey","278",".75L","120","Chatham Imports","300","Nick Pourasef",
="22377","Basil Hayden's Dark Rye","99",".75L","120","Beam Suntory","360","Bill York",
="22382","Wild Turkey 101 Rye","192",".75L","55","Campari America","220","Barry Sessoms",
="22384","Jefferson's Ocean Rye","491",".75L","114","Pernod Ricard USA","342","Jack Wooten",
="22389","Jim Beam Rye","149",".75L","66","Beam Suntory","132","Bill York",
="22393","Russell's Reserve Rye","315",".75L","120","Campari America","240","Barry Sessoms",
="22395","Redemption Rye","48",".75L","52","Deutsch Family W & S","208","Barry Sessoms",
="22400","High West Whiskey Double Rye!","411",".75L","112","Constellation Brands","448","Bill York",
="22403","Old Overholt Rye","113",".75L","75","Beam Suntory","225","Bill York",
="22408","Knob Creek Rye","70",".75L","100","Beam Suntory","300","Bill York",
="22409","Knob Creek Rye","198",".375L","90","Beam Suntory","270","Bill York",
="22412","WhistlePig The Boss Hog VII","0",".75L","68","WhistlePig","204","Jason Lemansky",
="22413","WhistlePig 12Y Old World","331",".75L","110","WhistlePig","330","Jason Lemansky",
="22415","WhistlePig Rye 10Y","269",".75L","110","WhistlePig","330","Jason Lemansky",
="22420","George Dickel Rye","86",".75L","50","Diageo NA","100","Garrett Miller",
="22424","Templeton 4Y","227",".75L","100","Infinium Spirits","400","Lauren Wiseman",
="22425","Templeton 6Y Rye","334",".75L","100","Infinium Spirits","400","Lauren Wiseman",
="22430","Woodford Reserve Rye","308",".75L","110","Brown - Forman","220","Lauren Wiseman",
="22444","Noble Oak Double Oak Rye Whiskey","97",".75L","80","Edrington Americas","240","Lauren Wiseman",
="22448","Hochstadter's Slow & Low","487",".75L","120","The Cooper Spirits Co.","480","Barry Sessoms",
="22466","Pinhook Rye","253",".75L","112","Pinhook Bourbon","336","Nick Pourasef",
="22483","Jack Daniel's Single Barrel 4Y Rye","135",".75L","90","Brown - Forman","360","Lauren Wiseman",
="22516","Rabbit Hole Heigold Rye Bourbon","261",".75L","104","Pernod Ricard USA","312","Jack Wooten",
="22517","Rabbit Hole Boxergrail Rye Whiskey","154",".75L","104","Pernod Ricard USA","312","Jack Wooten",
="22525","Elijah Craig Rye","298",".375L","108","Heaven Hill","324","Nick Pourasef",
="22526","Elijah Craig Straight  Rye","903",".75L","70","Heaven Hill","700","Nick Pourasef",
="22527","Elijah Craig Rye","119","1.75L","50","Heaven Hill","150","Nick Pourasef",
="22542","Old Overholt Bonded","0",".75L","70","Beam Suntory","225","Bill York",
="22546","Rittenhouse Bonded Rye","298",".75L","70","Heaven Hill","210","Nick Pourasef",
="22552","Sagamore Spirit Rye Whiskey","57",".75L","95","Sagamore Spirit","255","Lauren Wiseman",
="22569","WhistlePig PiggyBack 6Y Rye","200",".75L","84","WhistlePig","252","Jason Lemansky",
="22574","WhistlePig Farmstock Rye","326",".75L","110","WhistlePig","330","Jason Lemansky",
="22580","Redwood Empire Emerald Giant Rye","166",".75L","88","Purple Spirits","252","Jason Lemansky",
="22588","Tincup Rye Whiskey","186",".75L","55","Proximo Spirits","220","Lauren Wiseman",
="22604","Widow Jane Paradigm Rye","0",".75L","100","Heaven Hill","300","Nick Pourasef",
="22609","Woodinville Straight Rye Whiskey","0",".75L","60","Moet Hennessy","180","Garrett Miller",
="22902","Cleveland Christmas Bourbon","0",".75L","88","Cleveland Whiskey","264","Jason Lemansky",
="22910","Old Forester Rye","0",".75L","60","Brown - Forman","180","Lauren Wiseman",
="22916","Ancient Age","0","1.75L","75","Sazerac Co.","750","Rick Henry",
="22918","Ancient Age","0",".75L","70","Sazerac Co.","420","Rick Henry",
="22935","Bowman Brothers Small Batch","83",".75L","120","Sazerac Co.","480","Rick Henry",
="22940","Blade & Bow","26",".75L","64","Diageo NA","448","Garrett Miller",
="22950","Amador Double Barrel Chardonnay Finish","211",".75L","100","Trinchero Family Estates","300","Nick Pourasef",
="22952","Coopers Craft","98",".75L","96","Brown - Forman","288","Lauren Wiseman",
="22955","Chicken Cock KY Straight Bourbon","148",".75L","100","Park St Imp/ Grain & Barrel Spirits","300","Nick Pourasef",
="22963","Ancient Ancient Age","0","1.75L","75","Sazerac Co.","600","Rick Henry",
="22964","Ancient Ancient Age","0",".75L","70","Sazerac Co.","210","Rick Henry",
="22971","Broken Barrel Bourbon Whiskey","146",".75L","110","Infuse Spirits","330","Lauren Wiseman",
="22977","Angels Envy KSBW Port Barrel Finish","1466",".75L","108","Bacardi USA","324","Barry Sessoms",
="22980","Bradshaw Bourbon","0",".75L","105","American Spirits Exchange","315","Lauren Wiseman",
="22983","Aristocrat Bourbon 80","60","1.75L","75","Heaven Hill","225","Nick Pourasef",
="22988","Breckenridge Bourbon","61",".75L","108","Breckenridge Distillery","216","Nick Pourasef",
="22991","Rebel 100","39","1.75L","65","Luxco","195","Donavan Campbell",
="22992","Rebel 4Y 100P","185",".75L","120","Luxco","360","Donavan Campbell",
="23001","Clyde May's Straight Bourbon Whiskey","141",".75L","140","MHW/ Conecuh Ridge","420","Donavan Campbell",
="23002","Devil's Sister Green Apple","103",".75L","60","Deluxe Wine & Spirits","180","Alina Vinocurova",
="23004","David Nicholson Reserve","61",".75L","96","Luxco","288","Donavan Campbell",
="23006","Devil's Sister","80",".75L","60","Deluxe Wine & Spirits","150","Alina Vinocurova",
="23007","Devil's Sister Peach","47",".75L","60","Deluxe Wine & Spirits","180","Alina Vinocurova",
="23008","Davidson Reserve Four Grain","107",".75L","112","Speakeasy Spirits","270","Lauren Wiseman",
="23009","High West Bourbon","398",".75L","112","Constellation Brands","448","Bill York",
="23012","Hirsch "The Horizon" Bourbon","230",".75L","85","Hotaling & Co.","255","Barry Sessoms",
="23017","Devil's Sister Tennessee Straight Bourbon","0",".75L","60","Deluxe Wine & Spirits","180","Alina Vinocurova",
="23018","Isaac Bowman Port Finish","134",".75L","120","Sazerac Co.","360","Rick Henry",
="23026","Jesse James America's Outlaw Bourbon","22",".75L","56","American Outlaw Spirits","112","Donavan Campbell",
="23038","Rabbit Hole Cavehill Straight Bourbon","192",".75L","104","Pernod Ricard USA","312","Jack Wooten",
="23040","Remus Straight Bourbon Whiskey","238",".75L","100","Luxco","300","Donavan Campbell",
="23045","George Dickel Bourbon Whisky 8Y","19",".75L","50","Diageo NA","150","Garrett Miller",
="23059","Jim Beam Black","200","1.75L","50","Beam Suntory","350","Bill York",
="23060","Jim Beam Black","372",".75L","66","Beam Suntory","330","Bill York",
="23061","Jim Beam Black","277",".375L","96","Beam Suntory","192","Bill York",
="23062","Jim Beam Devil's Cut","66","1.75L","50","Beam Suntory","100","Bill York",
="23063","Jim Beam Devil's Cut","254",".75L","66","Beam Suntory","264","Bill York",
="23065","Jim Beam Single Barrel","99",".75L","84","Beam Suntory","168","Bill York",
="23070","Jim Beam Kentucky Fire","71",".75L","70","Beam Suntory","210","Bill York",
="23072","Basil Hayden Red Wine Cask Finish","30",".75L","110","Beam Suntory","330","Bill York",
="23075","Basil Hayden Toast","0",".75L","110","Beam Suntory","330","Bill York",
="23076","Oak & Eden Bourbon & Spire","224",".75L","100","James Joseph Sanctified Spirits","300","Nick Pourasef",
="23077","Oak & Eden Wheat & Spire","157",".75L","100","James Joseph Sanctified Spirits","300","Nick Pourasef",
="23079","Knob Creek 12Y","0",".75L","84","Beam Suntory","252","Bill York",
="23085","Larceny","400","1.75L","60","Heaven Hill","400","Nick Pourasef",
="23086","Larceny","718",".75L","60","Heaven Hill","1080","Nick Pourasef",
="23088","Legent","373",".75L","80","Beam Suntory","400","Bill York",
="23093","Devils River Bourbon","315",".75L","80","Sazerac/ 375 Park Ave Spirits","300","Nick Pourasef",
="23095","Redemption High Rye Bourbon","197",".75L","52","Deutsch Family W & S","208","Barry Sessoms",
="23107","Barrell Bourbon","46",".75L","80","MHW/ Barrell Craft","160","Barry Sessoms",
="23113","Montana Blackfoot River Bourbon","2",".75L","80","Montana Whiskey Company","240","Brian Thomason",
="23124","Kentucky Owl Confiscated","0",".75L","112","Stoli Group USA","336","Donavan Campbell",
="23125","The Wiseman Bourbon","336",".75L","104","Stoli Group USA","360","Donavan Campbell",
="23130","The Burning Chair Bourbon","113",".75L","90","Savage & Cooke","300","Jason Lemansky",
="23136","Heaven's Door Straight Bourbon Revival Whiskey","119",".75L","87","Park St Imp/ HDS Distilling","300","Nick Pourasef",
="23150","Woodinville Port Finished Bourbon","0",".75L","60","Moet Hennessy","180","Garrett Miller",
="23151","Woodinville Straight Bourbon","236",".75L","60","Moet Hennessy","240","Garrett Miller",
="23174","TX Straight Bourbon","349",".75L","120","Pernod Ricard USA","360","Jack Wooten",
="23200","Horse Soldier Barrel Strength Bourbon","224",".75L","75","E & J Gallo Winery","225","Donavan Campbell",
="23202","Horse Soldier Small Batch Bourbon","208",".75L","75","E & J Gallo Winery","225","Donavan Campbell",
="23203","Horse Soldier Straight Bourbon","300",".75L","75","E & J Gallo Winery","225","Donavan Campbell",
="23218","Bankers Club Bourbon Reserve 5Y","147",".75L","120","Laird & Company","360","Donavan Campbell",
="23220","Brother's Bond Straight Bourbon Whiskey","1",".75L","80","Park St Imp/ Brothers Bond Distilling","240","Donavan Campbell",
="23251","Barmen 1873","0",".75L","58","MHW/ Molson Coors","0","Jason Lemansky",
="23272","Calumet Farm 8Y Bourbon","239",".75L","104","Western Spirits Bev Co.","312","Donavan Campbell",
="23288","291 Colorado Bourbon Small Batch Whiskey","213",".75L","112","Distillery 291","336","Mark Fitlin",
="23320","Pinhook Bourbon","301",".75L","112","Pinhook Bourbon","448","Nick Pourasef",
="23360","WhistlePig PiggyBack 6Y Bourbon","237",".75L","84","WhistlePig","0","Jason Lemansky",
="23532","Early Times Sportster","178",".75L","100","Sazerac Co.","300","Rick Henry",
="23533","Early Times","616","1.75L","60","Sazerac Co.","1020","Rick Henry",
="23535","Early Times","346",".75L","70","Sazerac Co.","280","Rick Henry",
="23539","Early Times","223",".375L","66","Sazerac Co.","264","Rick Henry",
="23562","Elijah Craig Small Batch","378","1.75L","50","Heaven Hill","750","Nick Pourasef",
="23564","Elijah Craig Small Batch","321",".75L","70","Heaven Hill","1400","Nick Pourasef",
="23565","Elijah Craig Small Batch","369",".375L","108","Heaven Hill","324","Nick Pourasef",
="23664","Evan Williams 1783 Small Batch","346","1.75L","65","Heaven Hill","975","Nick Pourasef",
="23665","Evan Williams 1783 Small Batch","73",".75L","115","Heaven Hill","920","Nick Pourasef",
="23666","Evan Williams 1783 Small Batch","430",".375L","98","Heaven Hill","392","Nick Pourasef",
="23667","Evan Williams Black Label Carry Pk","841",".75L","90","Heaven Hill","810","Nick Pourasef",
="23668","Evan Williams Black Label","4074","1.75L","60","Heaven Hill","4420","Nick Pourasef",
="23669","Evan Williams Black Label","1355",".75L","70","Heaven Hill","1260","Nick Pourasef",
="23673","Evan Williams Black Label","966",".375L","98","Heaven Hill","588","Nick Pourasef",
="23683","Ezra Brooks 99","78","1.75L","60","Luxco","180","Donavan Campbell",
="23729","Ezra Brooks 99","166",".75L","120","Luxco","360","Donavan Campbell",
="23733","Fighting Cock","271",".75L","70","Heaven Hill","140","Nick Pourasef",
="23798","Smooth Ambler Contradiction","81",".75L","96","Pernod Ricard USA","192","Jack Wooten",
="23866","Quality House Old Style Bourbon","472","1.75L","75","Heaven Hill","300","Nick Pourasef",
="23867","Quality House Old Style Bourbon","477",".75L","70","Heaven Hill","210","Nick Pourasef",
="23880","Henry McKenna","590","1.75L","60","Heaven Hill","1200","Nick Pourasef",
="23882","Henry McKenna","536",".75L","70","Heaven Hill","350","Nick Pourasef",
="23886","Howler Head Bourbon","137",".75L","56","Campari America","126","Barry Sessoms",
="24087","Jim Beam Red Stag","18","1.75L","52","Beam Suntory","156","Bill York",
="24088","Jim Beam Red Stag","235",".75L","70","Beam Suntory","420","Bill York",
="24089","Jim Beam Red Stag","221",".375L","90","Beam Suntory","180","Bill York",
="24096","Jim Beam 4Y TRV","550",".75L","108","Beam Suntory","864","Bill York",
="24098","Jim Beam 4Y","3613","1.75L","52","Beam Suntory","4004","Bill York",
="24100","Jim Beam 4Y","835",".75L","70","Beam Suntory","2240","Bill York",
="24104","Jim Beam 4Y","506",".375L","90","Beam Suntory","540","Bill York",
="24105","Jim Beam White Label Replica","355",".375L","108","Beam Suntory","324","Bill York",
="24201","Kentucky Gentleman","442","1.75L","75","Sazerac Co.","900","Rick Henry",
="24202","Kentucky Gentleman","526",".75L","75","Sazerac Co.","675","Rick Henry",
="24205","Kentucky Gentleman","266",".375L","84","Sazerac Co.","336","Rick Henry",
="24274","Maker's Mark","839","1.75L","40","Beam Suntory","1200","Bill York",
="24275","Maker's Mark","1026",".75L","45","Beam Suntory","2250","Bill York",
="24278","Maker's Mark","725",".375L","84","Beam Suntory","588","Bill York",
="24280","Maker's Mark 46","395",".75L","85","Beam Suntory","612","Bill York",
="24281","Maker's Mark 46","73",".375L","66","Beam Suntory","198","Bill York",
="24284","Maker's Mark Cask Strength","115",".75L","78","Beam Suntory","306","Bill York",
="24318","Mattingly & Moore","265","1.75L","75","Heaven Hill","300","Nick Pourasef",
="24340","Middle West Wheated Bourbon Michelone Res","0",".75L","80","Middle West Spirits","240","Jason Lemansky",
="24403","Noble Oak Double Oak Bourbon","261",".75L","96","Edrington Americas","288","Lauren Wiseman",
="24499","Old Tub","85",".75L","60","Beam Suntory","180","Bill York",
="24545","Old Crow","610","1.75L","75","Beam Suntory","750","Bill York",
="24547","Old Crow","227",".75L","75","Beam Suntory","420","Bill York",
="24561","Old Elk Blended Straight Bourbon","132",".75L","100","Old Elk Distillery","300","Barry Sessoms",
="24566","Old Elk Wheated Bourbon","277",".75L","100","Old Elk Distillery","300","Barry Sessoms",
="24672","Old Forester","0","1.75L","48","Brown - Forman","360","Lauren Wiseman",
="24674","Old Forester","0",".75L","60","Brown - Forman","180","Lauren Wiseman",
="24699","Old Grand Dad","46","1.75L","65","Beam Suntory","195","Bill York",
="24701","Old Grand Dad","0",".75L","75","Beam Suntory","160","Bill York",
="24721","Old Soul Bourbon","82",".75L","75","Bottle Tree Beverage Co.","225","Bill York",
="24732","Penelope Bourbon","128",".75L","112","Luxco","336","Donavan Campbell",
="24734","Penelope Barrel Strength","110",".75L","112","Luxco","336","Donavan Campbell",
="24824","Kentucky Tavern","0","1.75L","65","Sazerac Co.","195","Rick Henry",
="25064","Old Taylor","0","1.75L","75","Sazerac Co.","225","Rick Henry",
="25071","E.H. Taylor Jr. Barrel Proof Bourbon","0",".75L","100","Sazerac Co.","300","Rick Henry",
="25217","Redwood Empire Pipe Dream Bourbon","123",".75L","89","Purple Spirits","252","Jason Lemansky",
="25220","Rebel","0","1.75L","52","Luxco","156","Donavan Campbell",
="25222","Rebel","174",".75L","56","Luxco","180","Donavan Campbell",
="25271","Benchmark Old #8","338","1.75L","75","Sazerac Co.","975","Rick Henry",
="25272","Benchmark Old #8","0",".75L","70","Sazerac Co.","490","Rick Henry",
="25327","NC Two Trees Wood-Crafted Bourbon","112",".75L","120","Two Trees Distilling Co.","360","Bill York",
="25341","Ten High","7","1.75L","65","Sazerac Co.","195","Rick Henry",
="25342","Ten High","252",".75L","70","Sazerac Co.","225","Rick Henry",
="25346","Hudson Bright Lights Big Bourbon","221",".75L","72","William Grant & Sons","144","Donavan Campbell",
="25431","Very Old Barton","148",".75L","48","Sazerac Co.","0","Rick Henry",
="25461","Virgin Bourbon","294","1.75L","75","Heaven Hill","375","Nick Pourasef",
="25462","Virgin Bourbon","168",".75L","70","Heaven Hill","210","Nick Pourasef",
="25476","Virginia Gentleman","0","1.75L","70","Sazerac Co.","210","Rick Henry",
="25498","Yellowstone Select","534",".75L","120","Luxco","360","Donavan Campbell",
="25547","Wheat Penny 1958 Bourbon","102",".75L","100","Cleveland Whiskey","300","Jason Lemansky",
="25568","Weller Antique 107","0",".75L","50","Sazerac Co.","0","Rick Henry",
="25571","Widow Jane 10Y","188",".75L","100","Heaven Hill","400","Nick Pourasef",
="25576","Wild Turkey Longbranch","187",".75L","102","Campari America","306","Barry Sessoms",
="25577","Wild Turkey Kentucky Spirit","0",".75L","120","Campari America","294","Barry Sessoms",
="25580","Wild Turkey Rare Breed","317",".75L","120","Campari America","360","Barry Sessoms",
="25582","Wild Turkey 101","479","1.75L","60","Campari America","585","Barry Sessoms",
="25583","Wild Turkey 101","811",".75L","55","Campari America","840","Barry Sessoms",
="25584","Wild Turkey 101 (PET)","177",".75L","75","Campari America","180","Barry Sessoms",
="25587","Wild Turkey 101","793",".375L","196","Campari America","924","Barry Sessoms",
="25597","Wild Turkey 81","387","1.75L","65","Campari America","260","Barry Sessoms",
="25598","Wild Turkey 81","331",".75L","70","Campari America","420","Barry Sessoms",
="25601","Wild Turkey 81","280",".375L","196","Campari America","264","Barry Sessoms",
="27001","Booker's","0",".75L","52","Beam Suntory","156","Bill York",
="27003","Rabbit Hole Dareringer Bourbon Sherry","184",".75L","104","Pernod Ricard USA","312","Jack Wooten",
="27006","Baker's","0",".75L","120","Beam Suntory","240","Bill York",
="27009","Old Grand Dad 114","0",".75L","54","Beam Suntory","162","Bill York",
="27011","Basil Hayden's","0","1.75L","45","Beam Suntory","135","Bill York",
="27012","Basil Hayden's","1795",".75L","120","Beam Suntory","1440","Bill York",
="27013","Basil Hayden's","23",".375L","90","Beam Suntory","270","Bill York",
="27015","Knob Creek","119","1.75L","60","Beam Suntory","240","Bill York",
="27017","Knob Creek","596",".75L","100","Beam Suntory","1008","Bill York",
="27018","Knob Creek","188",".375L","90","Beam Suntory","255","Bill York",
="27020","Knob Creek Single Barrel Reserve","0",".75L","84","Beam Suntory","168","Bill York",
="27023","Knob Creek Smoked Maple","0",".75L","100","Beam Suntory","200","Bill York",
="27025","Bulleit Bourbon","413","1.75L","60","Diageo NA","600","Garrett Miller",
="27026","Bulleit Bourbon","548",".75L","66","Diageo NA","858","Garrett Miller",
="27027","Bulleit Bourbon","44",".375L","96","Diageo NA","288","Garrett Miller",
="27028","Bulleit Bourbon 10Y","96",".75L","66","Diageo NA","132","Garrett Miller",
="27030","1792 Small Batch","0","1.75L","84","Sazerac Co.","252","Barry Sessoms",
="27031","1792 Small Batch","0",".75L","102","Sazerac Co.","408","Barry Sessoms",
="27038","Michter's US*1 Small Batch Bourbon","586",".75L","120","Chatham Imports","800","Nick Pourasef",
="27041","Bird Dog Blackberry Flavored Whiskey","308",".75L","125","Western Spirits Bev Co.","375","Donavan Campbell",
="27043","Bird Dog Peach Whiskey","375",".75L","125","Western Spirits Bev Co.","500","Donavan Campbell",
="27050","Bird Dog Apple Flavored Whiskey","117",".75L","125","Western Spirits Bev Co.","250","Donavan Campbell",
="27066","Four Roses Small Batch","527",".75L","80","Four Roses Distillery","1040","Nick Pourasef",
="27067","Four Roses Yellow Label","300","1.75L","52","Four Roses Distillery","520","Nick Pourasef",
="27069","Four Roses Yellow Label","278",".75L","70","Four Roses Distillery","630","Nick Pourasef",
="27075","Four Roses Single Barrel","160",".75L","80","Four Roses Distillery","480","Nick Pourasef",
="27076","Four Roses Small Batch Select","408",".75L","80","Four Roses Distillery","480","Nick Pourasef",
="27090","Blanton's Single Barrel","521",".75L","90","Sazerac Co.","999999","Rick Henry",
="27107","Elijah Craig Private Barrel Proof (BTB)","0",".75L","70","Heaven Hill","0","Nick Pourasef",
="27118","Elmer T. Lee Single Barrel","0",".75L","60","Sazerac Co.","0","Rick Henry",
="27123","Woodford Reserve Wheat","94",".75L","110","Brown - Forman","330","Lauren Wiseman",
="27124","Woodford Reserve KY Straight Malt","113",".75L","110","Brown - Forman","220","Lauren Wiseman",
="27126","Woodford Reserve","1807","1.75L","56","Brown - Forman","1120","Lauren Wiseman",
="27127","Woodford Reserve","4366",".75L","52","Brown - Forman","1248","Lauren Wiseman",
="27128","Woodford Reserve","0",".375L","108","Brown - Forman","432","Lauren Wiseman",
="27129","Woodford Reserve Double Oaked","39",".375L","84","Brown - Forman","252","Lauren Wiseman",
="27130","Woodford Reserve Double Oaked","769",".75L","110","Brown - Forman","440","Lauren Wiseman",
="27131","Jefferson's Small Batch Bourbon","286",".75L","114","Pernod Ricard USA","456","Jack Wooten",
="27133","Jefferson's Reserve","275",".75L","114","Pernod Ricard USA","342","Jack Wooten",
="27137","Jefferson's Ocean Aged at Sea","257",".75L","114","Pernod Ricard USA","342","Jack Wooten",
="27138","Jefferson's Reserve Pritchard Hill","235",".75L","114","Pernod Ricard USA","342","Jack Wooten",
="27149","Jim Beam Double Oak","114",".75L","66","Beam Suntory","198","Bill York",
="27162","Wild Turkey Russell's Reserve","204",".75L","120","Campari America","240","Barry Sessoms",
="27169","Eagle Rare 10Y","1408",".75L","108","Sazerac Co.","1296","Rick Henry",
="27172","Barrell Dovetail","485",".75L","80","MHW/ Barrell Craft","240","Barry Sessoms",
="27175","Bernheim Original Wheat","0",".75L","78","Heaven Hill","156","Nick Pourasef",
="27187","Bib & Tucker","280",".75L","100","Deutsch Family W & S","400","Barry Sessoms",
="27201","Russell's Reserve Single Barrel","6",".75L","120","Campari America","240","Barry Sessoms",
="27280","Old Forester 1870 Whiskey Row Series","245",".75L","100","Brown - Forman","300","Lauren Wiseman",
="27281","Old Forester 1897 Whiskey Row Series","417",".75L","100","Brown - Forman","300","Lauren Wiseman",
="27282","Old Forester 1910 Whiskey Row Series","230",".75L","100","Brown - Forman","300","Lauren Wiseman",
="27283","Old Forester 1920 Whiskey Row Series","357",".75L","100","Brown - Forman","300","Lauren Wiseman",
="27284","Old Forester Statesman","405",".75L","100","Brown - Forman","300","Lauren Wiseman",
="27317","Watkins Spiced Orange Bourbon","168",".75L","56","Associated Brewing","168","Jason Lemansky",
="29400","Aristocrat Supreme 80 Blend","452","1.75L","75","Heaven Hill","525","Nick Pourasef",
="29402","Aristocrat Supreme 80 Blend","240",".75L","70","Heaven Hill","420","Nick Pourasef",
="29410","Ancient Age Preferred","320","1.75L","75","Sazerac Co.","300","Rick Henry",
="29418","TX Blended Whiskey","351",".75L","120","Pernod Ricard USA","360","Jack Wooten",
="29501","Stranahan's Colorado Whiskey","127",".75L","80","Proximo Spirits","300","Lauren Wiseman",
="29510","Cleveland Underground Black Cherry","133",".75L","100","Cleveland Whiskey","300","Jason Lemansky",
="29550","Five Trail Blended American Whiskey","0",".75L","115","MHW/ Molson Coors","345","Jason Lemansky",
="29598","Nelson Bros. Classic Whiskey","125",".75L","100","Constellation Brands","100","Bill York",
="29599","Nelson Bros. Whiskey Reserve Bourbon","273",".75L","100","Constellation Brands","300","Bill York",
="29613","Twisted Tea Whiskey","0",".75L","75","Beam Suntory","225","Bill York",
="29620","Widow Jane Oak and Applewood Aged Wsk","0",".75L","104","Heaven Hill","320","Nick Pourasef",
="29663","Carstairs White Seal","247","1.75L","75","Sazerac Co.","300","Rick Henry",
="29792","Fleischmann's Preferred","399","1.75L","75","Sazerac Co.","300","Rick Henry",
="29869","Gold Crown","334","1.75L","60","Montebello Brands","480","Donavan Campbell",
="29870","Gold Crown","353",".75L","70","Montebello Brands","420","Donavan Campbell",
="30094","Kessler","131","1.75L","75","Beam Suntory","225","Bill York",
="30275","Old Mill Stream","453","1.75L","75","Heaven Hill","300","Nick Pourasef",
="30430","Redneck Riviera Whiskey","124",".75L","100","Park St Imp/ RSG","300","Donavan Campbell",
="30436","Redwood Empire Lost Monarch Whiskey","194",".75L","88","Purple Spirits","264","Jason Lemansky",
="30495","Seagram's 7 Crown Lt Wt Flsk","215",".75L","90","Diageo NA","990","Garrett Miller",
="30496","Seagram's 7 Crown","1879","1.75L","75","Diageo NA","4050","Garrett Miller",
="30498","Seagram's 7 Crown","391",".75L","70","Diageo NA","840","Garrett Miller",
="30502","Seagram's 7 Crown","348",".375L","168","Diageo NA","1008","Garrett Miller",
="30505","Second Glance American Whiskey","0",".75L","90","Savage & Cooke","270","Jason Lemansky",
="30549","NC Two Trees Sea-Salted Caramel","55",".75L","120","Two Trees Distilling Co.","240","Bill York",
="30556","NC Two Trees Carolina Peach","100",".75L","120","Two Trees Distilling Co.","360","Bill York",
="30569","Travelers Club Blend 80","372","1.75L","56","Sazerac Co.","448","Rick Henry",
="30570","Travelers Club Blend 80","282",".75L","70","Sazerac Co.","350","Rick Henry",
="30572","Travelers Club Blend 80","172",".375L","70","Sazerac Co.","210","Rick Henry",
="30575","Uncle Nearest Premium Whiskey 1856","367",".75L","100","Park St Imp/ Uncle Nearest","900","Nick Pourasef",
="30576","Uncle Nearest 1884 Small Batch","0",".75L","100","Park St Imp/ Uncle Nearest","300","Nick Pourasef",
="31209","ASM American Single Malt Whiskey","78",".75L","36","Park St Imp/ Trinity Beverage","108","Curtis Toth",
="31213","Blackened American Whiskey","302",".75L","92","MHW/ Sweet Amber Ventures","368","Nick Pourasef",
="31243","Evan Williams Cherry","376",".75L","70","Heaven Hill","210","Nick Pourasef",
="31244","Evan Williams Honey","497","1.75L","60","Heaven Hill","455","Nick Pourasef",
="31245","Evan Williams Honey","668",".75L","70","Heaven Hill","490","Nick Pourasef",
="31246","Evan Williams Apple","156","1.75L","60","Heaven Hill","195","Nick Pourasef",
="31247","Evan Williams Apple","220",".75L","70","Heaven Hill","280","Nick Pourasef",
="31248","Evan Williams Peach","207","1.75L","60","Heaven Hill","195","Nick Pourasef",
="31249","Evan Williams Peach","312",".75L","70","Heaven Hill","280","Nick Pourasef",
="31251","Evan Williams Fire","128",".75L","70","Heaven Hill","210","Nick Pourasef",
="31262","Jim Beam Peach","82","1.75L","156","Beam Suntory","468","Bill York",
="31263","Jim Beam Peach","507",".75L","70","Beam Suntory","560","Bill York",
="31264","Jim Beam Peach","130",".375L","90","Beam Suntory","270","Bill York",
="31265","Jim Beam Vanilla","63","1.75L","52","Beam Suntory","156","Bill York",
="31266","Jim Beam Vanilla","624",".75L","70","Beam Suntory","770","Bill York",
="31267","Jim Beam Vanilla","199",".375L","90","Beam Suntory","270","Bill York",
="31268","Jim Beam Apple","319","1.75L","52","Beam Suntory","156","Bill York",
="31269","Jim Beam Apple","594",".75L","70","Beam Suntory","770","Bill York",
="31270","Jim Beam Apple","274",".375L","90","Beam Suntory","270","Bill York",
="31274","Jim Beam Honey","174","1.75L","52","Beam Suntory","156","Bill York",
="31275","Jim Beam Honey","74",".75L","70","Beam Suntory","350","Bill York",
="31276","Jim Beam Honey","259",".375L","90","Beam Suntory","180","Bill York",
="31279","Jim Beam Orange","170","1.75L","52","Beam Suntory","156","Bill York",
="31280","Jim Beam Orange","282",".75L","70","Beam Suntory","210","Bill York",
="31310","Ole Smoky Banana Pudding Cream","22",".75L","154","Ole Smoky Distillery","462","Barry Sessoms",
="31311","Ole Smoky Pineapples with Pina Colada Moonshine","252",".75L","154","Ole Smoky Distillery","300","Barry Sessoms",
="31312","Ole Smoky White Chocolate Strawberry Cream","262",".75L","154","Ole Smoky Distillery","462","Barry Sessoms",
="31317","Old Camp Pecan Peach Whiskey","91",".75L","52","WI, Inc","208","Lauren Wiseman",
="31394","Redemption Bourbon","44",".75L","52","Deutsch Family W & S","208","Barry Sessoms",
="31412","Tincup Whiskey","155","1.75L","39","Proximo Spirits","156","Lauren Wiseman",
="31413","Tincup Whiskey","166",".75L","55","Proximo Spirits","220","Lauren Wiseman",
="31441","Dr. Stoner's Smoky Herb Whiskey","183",".75L","100","Blackbird Spirits","300","Jason Lemansky",
="31446","Southern Comfort 100","187","1.75L","75","Sazerac Co.","225","Rick Henry",
="31447","Southern Comfort 100","123",".75L","70","Sazerac Co.","210","Rick Henry",
="31448","Southern Comfort 100","239",".375L","91","Sazerac Co.","273","Rick Henry",
="31453","Ram's Point Peanut Butter Whiskey","111",".75L","55","Sazerac Co.","165","Rick Henry",
="31458","Sheep Dog Peanut Butter Whiskey","78",".75L","55","Sazerac Co.","165","Barry Sessoms",
="31526","Skrewball Peanut Butter Whiskey","1078",".75L","55","Pernod Ricard USA","2400","Jack Wooten",
="31527","Skrewball Peanut Butter Whiskey","404",".375L","68","Pernod Ricard USA","476","Jack Wooten",
="31597","Yellowstone American Single Malt","77",".75L","120","Luxco","360","Donavan Campbell",
="32418","George Dickel Old No.12","287","1.75L","48","Diageo NA","480","Garrett Miller",
="32419","George Dickel Old No.12","136",".75L","50","Diageo NA","250","Garrett Miller",
="32452","George Dickel Old No. 8","66","1.75L","48","Diageo NA","672","Garrett Miller",
="32453","George Dickel Old No. 8","327",".75L","50","Diageo NA","500","Garrett Miller",
="32471","Gentleman Jack","693","1.75L","60","Brown - Forman","360","Lauren Wiseman",
="32473","Gentleman Jack","1062",".75L","60","Brown - Forman","660","Lauren Wiseman",
="32474","Gentleman Jack","605",".375L","90","Brown - Forman","540","Lauren Wiseman",
="32477","Jack Daniel's Black Label","7537","1.75L","60","Brown - Forman","3300","Lauren Wiseman",
="32479","Jack Daniel's Black Label","6291",".75L","70","Brown - Forman","4970","Lauren Wiseman",
="32482","Jack Daniel's Black Label Replica/Square","890",".375L","60","Brown - Forman","540","Lauren Wiseman",
="32483","Jack Daniel's Black Label PET","0",".375L","66","Brown - Forman","792","Lauren Wiseman",
="32519","Jack Daniel's SB Barrel Proof","262",".75L","60","Brown - Forman","240","Lauren Wiseman",
="32522","Jack Daniel's Single Barrel","887",".75L","90","Brown - Forman","360","Lauren Wiseman",
="32524","Jack Daniel's Single Barrel","114",".375L","98","Brown - Forman","392","Lauren Wiseman",
="32535","Peg Leg Porker TN Straight Bourbon","0",".75L","112","Peg Leg Porker Spirits","224","Jason Lemansky",
="32600","Jack Daniel's TN Honey","554","1.75L","60","Brown - Forman","300","Lauren Wiseman",
="32601","Jack Daniel's TN Honey","939",".75L","70","Brown - Forman","840","Lauren Wiseman",
="32602","Jack Daniel's TN Honey PET","1446",".375L","66","Brown - Forman","264","Lauren Wiseman",
="32604","Jack Daniel's TN Fire","200","1.75L","60","Brown - Forman","240","Lauren Wiseman",
="32605","Jack Daniel's TN Fire","514",".75L","70","Brown - Forman","420","Lauren Wiseman",
="32606","Jack Daniel's TN Fire","275",".375L","66","Brown - Forman","132","Lauren Wiseman",
="32607","Jack Daniel's TN Apple","9","1.75L","70","Brown - Forman","280","Lauren Wiseman",
="32608","Jack Daniel's TN Apple","897",".75L","70","Brown - Forman","420","Lauren Wiseman",
="32609","Jack Daniel's TN Apple","525",".375L","66","Brown - Forman","198","Lauren Wiseman",
="32615","Jack Daniel's Bonded Triple Mash","0","700ML","100","Brown - Forman","300","Lauren Wiseman",
="32616","Jack Daniel's Bonded","50","700ML","100","Brown - Forman","300","Lauren Wiseman",
="32655","Ole Smoky Mango Habanero","312",".75L","112","Ole Smoky Distillery","336","Barry Sessoms",
="32656","Ole Smoky Salty Caramel Whiskey","547",".75L","112","Ole Smoky Distillery","896","Barry Sessoms",
="32658","Ole Smoky Peach TN Whiskey","174",".75L","112","Ole Smoky Distillery","336","Barry Sessoms",
="32659","Ole Smoky Salty Watermelon TN Whiskey","133",".75L","112","Ole Smoky Distillery","336","Barry Sessoms",
="32662","Ole Smoky Peanut Butter Whiskey","255",".75L","112","Ole Smoky Distillery","336","Barry Sessoms",
="33011","Ole Smoky Moonshine Peaches","368",".75L","154","Ole Smoky Distillery","0","Barry Sessoms",
="33250","Mellow Corn Whiskey BIB","221",".75L","70","Heaven Hill","210","Nick Pourasef",
="33334","Georgia Moon Apple Pie Fruit Jar","250",".75L","66","Heaven Hill","132","Nick Pourasef",
="33337","Georgia Moon Peach","249",".75L","66","Heaven Hill","132","Nick Pourasef",
="33339","Georgia Moon","453",".75L","66","Heaven Hill","330","Nick Pourasef",
="33341","Georgia Moon","182",".375L","98","Heaven Hill","196","Nick Pourasef",
="33371","Sugarlands Shine Mark Rogers Peach","294",".75L","140","Sugarlands Distilling","420","Nick Pourasef",
="33375","Sugarlands Shine Appalachian Apple Pie Moonshine","267",".75L","100","Sugarlands Distilling","420","Nick Pourasef",
="33383","Sugarlands Shine Rye Apple","157",".75L","140","Sugarlands Distilling","280","Nick Pourasef",
="33402","Tim Smith's Climax Moonshine","216",".75L","100","Prost Beverage","300","Bill York",
="33663","Copper Dog","105",".75L","110","Diageo NA","330","Garrett Miller",
="33764","Ballantine's","0","1.75L","65","Sazerac Co.","130","Barry Sessoms",
="33766","Ballantine's","160",".75L","75","Sazerac Co.","150","Barry Sessoms",
="33819","Black & White","68","1.75L","40","Diageo NA","120","Garrett Miller",
="33844","Haig & Haig Dimple 'Pinch'","22",".75L","48","Diageo NA","96","Garrett Miller",
="33849","Buchanan's Deluxe 12Y","618",".75L","45","Diageo NA","900","Garrett Miller",
="33851","Buchanan's Pineapple","56",".75L","50","Diageo NA","500","Garrett Miller",
="33852","Buchanan's Master","120",".75L","45","Diageo NA","135","Garrett Miller",
="33855","Buchanan's 18Y","48",".75L","80","Diageo NA","240","Garrett Miller",
="33861","Monkey Shoulder","199","1.75L","48","William Grant & Sons","144","Donavan Campbell",
="33862","Monkey Shoulder","261",".75L","120","William Grant & Sons","480","Donavan Campbell",
="33884","Chivas Regal 18Y","83",".75L","60","Pernod Ricard USA","120","Jack Wooten",
="33888","Chivas Regal 12Y","56","1.75L","32","Pernod Ricard USA","128","Jack Wooten",
="33890","Chivas Regal 12Y","293",".75L","48","Pernod Ricard USA","350","Jack Wooten",
="33891","Chivas Regal 12Y","0",".375L","77","Pernod Ricard USA","154","Jack Wooten",
="33895","Chivas Regal 13Y Sherry Cask","127",".75L","65","Pernod Ricard USA","360","Jack Wooten",
="33918","Cutty Sark","152","1.75L","40","Sazerac/ 375 Park Ave Spirits","200","Nick Pourasef",
="33920","Cutty Sark","167",".75L","64","Sazerac/ 375 Park Ave Spirits","192","Nick Pourasef",
="33946","Dewar's 15Y","164",".75L","80","Bacardi USA","216","Barry Sessoms",
="33948","Dewar's 12Y","221","1.75L","45","Bacardi USA","180","Barry Sessoms",
="33949","Dewar's 12Y","53",".75L","55","Bacardi USA","165","Barry Sessoms",
="33950","Buchanan's Deluxe 12Y","88","1.75L","50","Diageo NA","150","Garrett Miller",
="33957","Dewar's White Label","332","1.75L","45","Bacardi USA","765","Barry Sessoms",
="33959","Dewar's White Label","397",".75L","70","Bacardi USA","1260","Barry Sessoms",
="33961","Dewar's White Label","0",".375L","50","Bacardi USA","150","Barry Sessoms",
="33964","Naked Malt Scotch Whiskey","102",".75L","100","Edrington Americas","300","Lauren Wiseman",
="33965","The Famous Grouse","246","1.75L","44","Edrington Americas","360","Lauren Wiseman",
="33967","The Famous Grouse","143",".75L","60","Edrington Americas","180","Lauren Wiseman",
="33972","The Famous Grouse Smoky Black","81","1.75L","40","Edrington Americas","120","Lauren Wiseman",
="33973","The Famous Grouse Smoky Black","89",".75L","56","Edrington Americas","112","Lauren Wiseman",
="34031","Grant's","222","1.75L","48","William Grant & Sons","208","Donavan Campbell",
="34032","Grant's","176",".75L","70","William Grant & Sons","165","Donavan Campbell",
="34097","J & B Rare","266","1.75L","40","Diageo NA","160","Garrett Miller",
="34099","J & B Rare","85",".75L","70","Diageo NA","140","Garrett Miller",
="34116","Johnnie Walker Double Black","149",".75L","96","Diageo NA","192","Garrett Miller",
="34121","Johnnie Walker Black Label","82","1.75L","64","Diageo NA","192","Garrett Miller",
="34123","Johnnie Walker Black Label","437",".75L","64","Diageo NA","512","Garrett Miller",
="34125","Johnnie Walker Black Label","78",".375L","56","Diageo NA","168","Garrett Miller",
="34127","Johnnie Walker Green Label","181",".75L","84","Diageo NA","252","Garrett Miller",
="34129","Johnnie Walker Gold Reserve","107",".75L","84","Diageo NA","156","Garrett Miller",
="34131","Johnnie Walker Blue Label","81",".75L","44","Diageo NA","88","Garrett Miller",
="34136","Johnnie Walker 18Y","73",".75L","56","Diageo NA","168","Garrett Miller",
="34140","Johnnie Walker Red Label","753",".75L","64","Diageo NA","448","Garrett Miller",
="34143","Johnnie Walker Red Label","113",".375L","56","Diageo NA","168","Garrett Miller",
="34276","Teacher's Highland Cream","0","1.75L","48","Beam Suntory","192","Bill York",
="34278","Teacher's Highland Cream","108",".75L","60","Beam Suntory","180","Bill York",
="34351","Oban Classic Malt 14Y S.M.","52",".75L","55","Diageo NA","110","Garrett Miller",
="34353","Talisker Malt 10Y S.M.","28",".75L","50","Diageo NA","100","Garrett Miller",
="34357","Dalwhinnie Classic 15Y S.M.","13",".75L","50","Diageo NA","100","Garrett Miller",
="34363","Lagavulin Classic Malt 16Y S.M.","0",".75L","55","Diageo NA","100","Garrett Miller",
="34364","Aberfeldy 12Y","10",".75L","80","Bacardi USA","160","Barry Sessoms",
="34370","Aberlour 16Y S.M.","0",".75L","65","Pernod Ricard USA","130","Jack Wooten",
="34372","The Glenlivet 14Y","146",".75L","100","Pernod Ricard USA","300","Jack Wooten",
="34373","Aberlour 12Y S.M.","157",".75L","65","Pernod Ricard USA","195","Jack Wooten",
="34374","The Glenlivet 12Y S.M.","130","1.75L","40","Pernod Ricard USA","160","Jack Wooten",
="34375","The Glenlivet 12Y S.M.","430",".75L","50","Pernod Ricard USA","500","Jack Wooten",
="34376","The Glenlivet 12Y S.M.","108",".375L","64","Pernod Ricard USA","192","Jack Wooten",
="34378","The Glenlivet 18Y S.M.","0",".75L","60","Pernod Ricard USA","180","Jack Wooten",
="34380","The Glenlivet French Oak Ed 15Y","0",".75L","100","Pernod Ricard USA","200","Jack Wooten",
="34387","The Dalmore 12Y S.M.","229",".75L","75","E & J Gallo Winery","300","Donavan Campbell",
="34390","The Dalmore Sherry Cask 12 Year","66",".75L","85","E & J Gallo Winery","255","Donavan Campbell",
="34397","Glenfiddich 12Y S.M.","0","1.75L","44","William Grant & Sons","144","Donavan Campbell",
="34399","Glenfiddich 12Y S.M.","0",".75L","50","William Grant & Sons","200","Donavan Campbell",
="34400","Glenfiddich 12Y S.M.","0",".375L","42","William Grant & Sons","126","Donavan Campbell",
="34401","Glenfiddich 21Y S.M.","86",".75L","72","William Grant & Sons","144","Donavan Campbell",
="34402","Glenmorangie Extremely Rare 18Y","57",".75L","44","Moet Hennessy","176","Garrett Miller",
="34404","Glenmorangie Original 10Y","133","1.75L","60","Moet Hennessy","240","Garrett Miller",
="34405","Glenmorangie Original 10Y","299",".75L","88","Moet Hennessy","352","Garrett Miller",
="34406","Glenmorangie Lasanta 12Y S.M.","188",".75L","88","Moet Hennessy","352","Garrett Miller",
="34410","Glenmorangie Quinta Ruban","250",".75L","88","Moet Hennessy","352","Garrett Miller",
="34411","The Macallan Sherry Oak 12Y","302",".75L","52","Edrington Americas","260","Lauren Wiseman",
="34414","Laphroaig 10Y","1",".75L","88","Beam Suntory","264","Bill York",
="34416","Ardbeg Wee Beastie","65",".75L","110","Moet Hennessy","330","Garrett Miller",
="34420","Ardbeg 10Y S.M.","232",".75L","80","Moet Hennessy","320","Garrett Miller",
="34440","The Macallan Double Cask 12Y","337",".75L","52","Edrington Americas","156","Lauren Wiseman",
="34441","The Macallan Double Cask 12Y","83",".375L","72","Edrington Americas","240","Lauren Wiseman",
="34442","The Macallan Sherry Oak 25Y","0",".75L","162","Edrington Americas","324","Lauren Wiseman",
="34448","Isle Of Jura 10Y","163",".75L","105","E & J Gallo Winery","420","Donavan Campbell",
="34454","The Glenlivet Founders Reserve","142",".75L","50","Pernod Ricard USA","150","Jack Wooten",
="34455","The Glenlivet Caribbean Reserve","71",".75L","100","Pernod Ricard USA","200","Jack Wooten",
="34477","The Macallan Double Cask 15Y","32",".75L","52","Edrington Americas","104","Lauren Wiseman",
="34558","Old Pulteney 12Y","206",".75L","75","Hotaling & Co.","225","Barry Sessoms",
="34560","Speyburn 10Y S.M.","116",".75L","110","Hotaling & Co.","190","Barry Sessoms",
="34564","McClelland's Islay S.M.","145",".75L","70","Beam Suntory","210","Bill York",
="34568","McClelland's Highland S.M.","156",".75L","70","Beam Suntory","210","Bill York",
="34575","Balvenie Portwood 21Y S.M.","0",".75L","100","William Grant & Sons","200","Donavan Campbell",
="34579","Balvenie Caribbean Cask 14Y","0",".75L","100","William Grant & Sons","200","Donavan Campbell",
="34580","Balvenie Doublewood 12Y","27",".75L","60","William Grant & Sons","100","Donavan Campbell",
="34590","Auchentoshan American Oak","134",".75L","110","Beam Suntory","220","Bill York",
="34592","Bowmore 12Y","157",".75L","110","Beam Suntory","220","Bill York",
="34596","Glen Moray 12Y","192",".75L","100","Sazerac/ 375 Park Ave Spirits","200","Nick Pourasef",
="34599","Glen Moray Port Cask Finish","221",".75L","100","Sazerac/ 375 Park Ave Spirits","200","Nick Pourasef",
="34621","Highland Park 12Y","147",".75L","95","Edrington Americas","190","Lauren Wiseman",
="34642","Glenfiddich 14Y","75",".75L","80","William Grant & Sons","300","Donavan Campbell",
="34644","Glenfiddich 15Y S.M.","0",".75L","60","William Grant & Sons","180","Donavan Campbell",
="34646","Glenfiddich 18Y S.M.","71",".75L","60","William Grant & Sons","120","Donavan Campbell",
="34652","Laphroaig Select","140",".75L","88","Beam Suntory","176","Bill York",
="34655","Laphroaig Quarter Cask","143",".75L","88","Beam Suntory","264","Bill York",
="34670","Lismore 6Y","134",".75L","40","Sans Wine & Spirits","120","Ruben Martinez",
="34678","Tomatin 12Y","367",".75L","100","USDP/ Phillips","300","Bill York",
="34750","The Singleton 12Y","83",".75L","88","Diageo NA","228","Garrett Miller",
="34770","Penderyn Peated","1",".75L","66","ImpEx Beverages, Inc.","198","Mark Fitlin",
="35298","Clan MacGregor","49","1.75L","75","William Grant & Sons","600","Donavan Campbell",
="35299","Clan MacGregor","168",".75L","70","William Grant & Sons","210","Donavan Campbell",
="35340","Crawford's","101","1.75L","75","Diageo NA","225","Garrett Miller",
="35405","Duggan's Dew","0","1.75L","60","Duggan's Distillers","300","Barry Sessoms",
="35407","Duggan's Dew","140",".75L","70","Duggan's Distillers","210","Barry Sessoms",
="35553","Highland Mist","209","1.75L","75","Sazerac Co.","150","Rick Henry",
="35642","Inver House","483","1.75L","75","Sazerac Co.","600","Rick Henry",
="35643","Inver House","222",".75L","70","Sazerac Co.","210","Rick Henry",
="35724","J. W. Dant","350","1.75L","75","Heaven Hill","375","Nick Pourasef",
="35984","100 Pipers","357","1.75L","75","Heaven Hill","225","Nick Pourasef",
="36005","Old Smuggler","254","1.75L","75","Shaw-Ross International","300","Barry Sessoms",
="36025","Passport","36","1.75L","65","Sazerac Co.","195","Barry Sessoms",
="36139","Scoresby Rare","491","1.75L","75","Sazerac Co.","525","Barry Sessoms",
="37750","Alberta Premium Rye Cask Strength","464",".75L","80","Beam Suntory","240","Bill York",
="37798","Forty Creek","124","1.75L","48","Campari America","120","Barry Sessoms",
="37799","Forty Creek - Barrel Select","163",".75L","56","Campari America","150","Barry Sessoms",
="37803","Wiser's Deluxe","191","1.75L","60","Sazerac/ 375 Park Ave Spirits","180","Barry Sessoms",
="37812","Canadian Club Reserve","0",".75L","66","Beam Suntory","132","Bill York",
="37823","Canadian Club 80","1373","1.75L","75","Beam Suntory","2325","Bill York",
="37824","Canadian Club 80 (PET)","355",".75L","108","Beam Suntory","432","Bill York",
="37825","Canadian Club 80","325",".75L","75","Beam Suntory","375","Bill York",
="37830","Canadian Club 80","777",".375L","90","Beam Suntory","720","Bill York",
="37859","Canadian MacNaughton","251","1.75L","60","Heaven Hill","300","Nick Pourasef",
="37889","Crown Royal Regal Apple","835","1.75L","50","Diageo NA","1500","Garrett Miller",
="37890","Crown Royal Regal Apple","936",".75L","56","Diageo NA","2240","Garrett Miller",
="37891","Crown Royal Regal Apple","262",".375L","42","Diageo NA","1050","Garrett Miller",
="37896","Crown Royal Black","128","1.75L","50","Diageo NA","750","Garrett Miller",
="37897","Crown Royal Black","251",".75L","56","Diageo NA","672","Garrett Miller",
="37898","Crown Royal Black","100",".375L","42","Diageo NA","378","Garrett Miller",
="37900","Crown Royal Peach","1037",".75L","56","Diageo NA","2240","Garrett Miller",
="37901","Crown Royal Reserve","0","1.75L","50","Diageo NA","150","Garrett Miller",
="37902","Crown Royal Reserve","69",".75L","48","Diageo NA","192","Garrett Miller",
="37903","Crown Royal Peach","140","1.75L","50","Diageo NA","350","Garrett Miller",
="37904","Crown Royal Reserve","101",".375L","72","Diageo NA","288","Garrett Miller",
="37905","Crown Royal XO","76",".75L","24","Diageo NA","96","Garrett Miller",
="37906","Crown Royal Peach","0",".375L","42","Diageo NA","126","Garrett Miller",
="37907","Crown Royal","1336","1.75L","50","Diageo NA","2550","Garrett Miller",
="37909","Crown Royal w/ Bag","2394",".75L","56","Diageo NA","5040","Garrett Miller",
="37910","Crown Royal w/o Bag","913",".75L","56","Diageo NA","2800","Garrett Miller",
="37912","Crown Royal (PET)","60",".375L","66","Diageo NA","330","Garrett Miller",
="37913","Crown Royal","250",".375L","42","Diageo NA","1260","Garrett Miller",
="37915","Crown Royal 18Y Extra Rare","11",".75L","40","Diageo NA","96","Garrett Miller",
="37917","Crown Royal Vanilla","261","1.75L","50","Diageo NA","750","Garrett Miller",
="37918","Crown Royal Vanilla","402",".75L","56","Diageo NA","1456","Garrett Miller",
="37919","Crown Royal Vanilla","126",".375L","42","Diageo NA","756","Garrett Miller",
="37921","Classic 12","0",".75L","66","Beam Suntory","132","Bill York",
="37925","Seagram's VO Gold","182","1.75L","60","Sazerac Co.","180","Barry Sessoms",
="37926","Seagram's VO Gold","119",".75L","66","Sazerac Co.","198","Barry Sessoms",
="37928","Seagram's VO","882","1.75L","75","Sazerac Co.","1125","Barry Sessoms",
="37929","Seagram's VO PET","108",".75L","90","Sazerac Co.","180","Barry Sessoms",
="37930","Seagram's VO","288",".75L","70","Sazerac Co.","420","Barry Sessoms",
="37934","Seagram's VO","43",".375L","84","Sazerac Co.","252","Barry Sessoms",
="38006","Pendleton","143",".75L","50","Proximo Spirits","200","Lauren Wiseman",
="38008","Pendleton 1910 Rye Whisky","409",".75L","44","Proximo Spirits","176","Lauren Wiseman",
="38185","Canadian Hunter (PET)","315",".75L","75","Sazerac Co.","375","Rick Henry",
="38186","Canadian Hunter","1176","1.75L","75","Sazerac Co.","1275","Rick Henry",
="38187","Canadian Hunter","363",".75L","70","Sazerac Co.","420","Rick Henry",
="38188","Canadian Hunter","54",".375L","70","Sazerac Co.","252","Rick Henry",
="38190","Aristocrat Supreme Canadian","181","1.75L","75","Heaven Hill","225","Nick Pourasef",
="38290","Black Velvet Reserve","279","1.75L","75","Heaven Hill","220","Nick Pourasef",
="38294","Black Velvet Portable","560",".75L","90","Heaven Hill","450","Nick Pourasef",
="38298","Black Velvet","425","1.75L","75","Heaven Hill","900","Nick Pourasef",
="38300","Black Velvet","249",".75L","70","Heaven Hill","350","Nick Pourasef",
="38304","Black Velvet","317",".375L","98","Heaven Hill","294","Nick Pourasef",
="38306","Black Velvet Toasted Caramel","215",".75L","70","Heaven Hill","210","Nick Pourasef",
="38349","Canadian Deluxe","101","1.75L","65","Luxco","325","Donavan Campbell",
="38453","Canadian Mist Sportster","823",".75L","90","Sazerac Co.","990","Rick Henry",
="38454","Canadian Mist","1909","1.75L","56","Sazerac Co.","2635","Rick Henry",
="38456","Canadian Mist","599",".75L","70","Sazerac Co.","420","Rick Henry",
="38460","Canadian Mist PET Flask","781",".375L","91","Sazerac Co.","910","Rick Henry",
="38474","Canadian Lake","407","1.75L","56","Sazerac Co.","560","Rick Henry",
="38488","Canadian LTD","231","1.75L","75","Sazerac Co.","300","Rick Henry",
="38547","Rich & Rare Reserve Canadian","262","1.75L","75","Sazerac Co.","450","Rick Henry",
="38548","Rich & Rare Reserve Canadian","0",".75L","50","Sazerac Co.","250","Rick Henry",
="38549","Rich & Rare Reserve Canadian","80",".375L","132","Sazerac Co.","396","Rick Henry",
="38550","Rich & Rare Canadian","1120","1.75L","75","Sazerac Co.","1500","Rick Henry",
="38552","Rich & Rare Canadian","328",".75L","70","Sazerac Co.","770","Rick Henry",
="38555","Rich & Rare Canadian","242",".375L","84","Sazerac Co.","336","Rick Henry",
="38556","Rich & Rare Apple","295",".75L","70","Sazerac Co.","210","Rick Henry",
="38670","Harwood Canadian Carry Pk","399",".75L","90","Heaven Hill","270","Nick Pourasef",
="38671","Harwood Canadian","671","1.75L","75","Heaven Hill","600","Nick Pourasef",
="38769","Lord Calvert Canadian","165","1.75L","65","Luxco","390","Donavan Campbell",
="39024","Windsor Canadian Supreme","191","1.75L","75","Associated Brewing","225","Jason Lemansky",
="39026","Windsor Apple","205","1.75L","75","Associated Brewing","225","Jason Lemansky",
="40005","Redbreast 12Y","174",".75L","100","Pernod Ricard USA","300","Jack Wooten",
="40044","2 Gingers Irish Whiskey","159",".75L","56","Beam Suntory","112","Bill York",
="40047","Green Spot","182",".75L","115","Pernod Ricard USA","345","Jack Wooten",
="40060","Jameson Orange","333",".75L","140","Pernod Ricard USA","700","Jack Wooten",
="40069","Roe & Co","80",".75L","100","Diageo NA","300","Garrett Miller",
="40071","The Quiet Man Traditional Irish","79",".75L","100","Luxco","300","Donavan Campbell",
="40072","The Quiet Man 8Y","63",".75L","100","Luxco","300","Donavan Campbell",
="40089","The Sexton","260",".75L","98","WI, Inc","336","Lauren Wiseman",
="40092","Slane","132",".75L","112","Brown - Forman","336","Lauren Wiseman",
="40102","Writer's Tears Copper Pot","146",".75L","120","Hotaling & Co.","360","Barry Sessoms",
="40113","Tullamore Dew","158","1.75L","60","William Grant & Sons","120","Donavan Campbell",
="40115","Tullamore Dew","172",".75L","60","William Grant & Sons","300","Donavan Campbell",
="40117","Tullamore Dew XO Rum Cask","189",".75L","120","William Grant & Sons","360","Donavan Campbell",
="40118","Tullamore Dew 12Y","133",".75L","75","William Grant & Sons","225","Donavan Campbell",
="40121","Jameson","691","1.75L","60","Pernod Ricard USA","1500","Jack Wooten",
="40122","Jameson","985",".75L","56","Pernod Ricard USA","3640","Jack Wooten",
="40124","Jameson","293",".375L","45","Pernod Ricard USA","270","Jack Wooten",
="40130","Jameson Caskmates IPA","119",".75L","70","Pernod Ricard USA","210","Jack Wooten",
="40131","Jameson Caskmates Stout","114",".75L","70","Pernod Ricard USA","280","Jack Wooten",
="40132","Jameson Cold Brew","127",".75L","112","Pernod Ricard USA","336","Jack Wooten",
="40136","Tullamore Dew","59",".375L","105","William Grant & Sons","315","Donavan Campbell",
="40140","Jameson Black Barrel","137",".75L","56","Pernod Ricard USA","224","Jack Wooten",
="40169","Bushmills Malt 10Y","233",".75L","72","Proximo Spirits","352","Lauren Wiseman",
="40173","Bushmills","177","1.75L","45","Proximo Spirits","180","Lauren Wiseman",
="40174","Bushmills","162",".75L","60","Proximo Spirits","300","Lauren Wiseman",
="40185","Powers Gold Label","8",".75L","60","Park St Imp/ Lafayette Imports","120","Nick Pourasef",
="40187","Paddy's","132","1.75L","52","Sazerac Co.","156","Rick Henry",
="40190","Paddy's","70",".75L","56","Sazerac Co.","224","Rick Henry",
="40197","Proper No. Twelve","229","1.75L","39","Proximo Spirits","192","Lauren Wiseman",
="40198","Proper No.Twelve","66",".75L","44","Proximo Spirits","440","Lauren Wiseman",
="40199","Proper No. Twelve Apple Whiskey","0",".75L","44","Proximo Spirits","264","Lauren Wiseman",
="40201","Bushmills Red Bush","199",".75L","60","Proximo Spirits","240","Lauren Wiseman",
="40203","Bushmills Black Bush","158",".75L","60","Proximo Spirits","240","Lauren Wiseman",
="40208","Teeling Small Batch","0",".75L","110","Bacardi USA","330","Barry Sessoms",
="40221","Tenjaku Blended Whisky","259",".75L","120","MHW/ Tenjaku","360","Bill York",
="40250","Suntory Whisky Toki","0",".75L","100","Beam Suntory","285","Bill York",
="40253","Hibiki Japanese Harmony","0",".75L","90","Beam Suntory","270","Bill York",
="40261","Nikka Coffey Grain Whisky","72",".75L","88","Hotaling & Co.","176","Barry Sessoms",
="40262","Nikka Pure Malt Whisky","83",".75L","110","Hotaling & Co.","220","Barry Sessoms",
="40280","New Amsterdam Stratusphere Gin","595","1.75L","64","E & J Gallo Winery","896","Donavan Campbell",
="40281","New Amsterdam Stratusphere Gin","599",".75L","70","E & J Gallo Winery","560","Donavan Campbell",
="40282","New Amsterdam Stratusphere Gin","616",".375L","54","E & J Gallo Winery","648","Donavan Campbell",
="40284","New Amsterdam Stratusphere London Dry","82",".75L","64","E & J Gallo Winery","256","Donavan Campbell",
="40287","Bluecoat American Dry Gin","79",".75L","92","Heaven Hill","276","Nick Pourasef",
="40356","INDOGGO Gin","139",".75L","50","Associated Brewing","150","Jason Lemansky",
="40429","Aristocrat Supreme Gin","659","1.75L","75","Heaven Hill","525","Nick Pourasef",
="40430","Aristocrat Supreme Gin","730",".75L","70","Heaven Hill","770","Nick Pourasef",
="40446","Aviation American Gin","151",".75L","120","Diageo NA","600","Garrett Miller",
="40449","Barton","382","1.75L","75","Sazerac Co.","300","Rick Henry",
="40487","Prairie Organic Gin","242",".75L","112","USDP/ Phillips","224","Bill York",
="40527","Travelers Club Gin 80","344","1.75L","56","Sazerac Co.","504","Rick Henry",
="40528","Travelers Club Gin 80","259",".75L","70","Sazerac Co.","280","Rick Henry",
="40552","Booth's London Dry","168","1.75L","75","Sazerac Co.","225","Barry Sessoms",
="40587","Burnett's White Satin","391","1.75L","84","Heaven Hill","672","Nick Pourasef",
="40589","Burnett's White Satin","0",".75L","65","Heaven Hill","195","Nick Pourasef",
="40695","Country Gentleman Gin","332","1.75L","75","Heaven Hill","300","Nick Pourasef",
="40696","Country Gentleman Gin","139",".75L","70","Heaven Hill","210","Nick Pourasef",
="40756","Fleischmann's Dry","387","1.75L","75","Sazerac Co.","450","Rick Henry",
="40790","Gilbey's London Dry","245","1.75L","75","Beam Suntory","600","Bill York",
="40792","Gilbey's London Dry","111",".75L","75","Beam Suntory","225","Bill York",
="40805","Gray Whale","188",".75L","90","Deutsch Family W & S","270","Barry Sessoms",
="40841","Gordon's London Dry Conv Pk","145",".75L","90","Diageo NA","270","Garrett Miller",
="40842","Gordon's London Dry","514","1.75L","75","Diageo NA","1050","Garrett Miller",
="40844","Gordon's London Dry","38",".75L","70","Diageo NA","490","Garrett Miller",
="41296","Seagram's Distiller's Reserve Gin","104","1.75L","60","Pernod Ricard USA","360","Jack Wooten",
="41297","Seagram's Distiller's Reserve Gin","298",".75L","70","Pernod Ricard USA","210","Jack Wooten",
="41303","Seagram's Extra Dry Gin PET","166","1.75L","60","Pernod Ricard USA","900","Jack Wooten",
="41304","Seagram's Extra Dry Gin","593","1.75L","60","Pernod Ricard USA","2400","Jack Wooten",
="41305","Seagram's Extra Dry Gin Lt Wt Flsk","15",".75L","75","Pernod Ricard USA","900","Jack Wooten",
="41306","Seagram's Extra Dry Gin","236",".75L","70","Pernod Ricard USA","1400","Jack Wooten",
="41310","Seagram's Extra Dry","1020",".375L","60","Pernod Ricard USA","1800","Jack Wooten",
="41311","Seagram's Lime Twisted","178","1.75L","60","Pernod Ricard USA","480","Jack Wooten",
="41312","Seagram's Lime Twisted","333",".75L","70","Pernod Ricard USA","350","Jack Wooten",
="41313","Seagram's Lime Twisted","301",".375L","70","Pernod Ricard USA","210","Jack Wooten",
="41346","Seagram's Pineapple Twisted Gin","140",".75L","70","Pernod Ricard USA","210","Jack Wooten",
="41878","Uncle Val's Botanical Gin","80",".75L","108","3 Badge Beverage Corp.","324","Nick Pourasef",
="42601","Broker's","76",".75L","68","McCormick Distilling Co.","136","Donavan Campbell",
="42603","Empress 1908 Gin","257",".375L","90","DV Spirits LLC","270","Donavan Campbell",
="42604","Empress 1908 Gin","362",".75L","100","DV Spirits LLC","600","Donavan Campbell",
="42613","Fords Gin","236",".75L","110","Brown - Forman","264","Lauren Wiseman",
="42629","The Botanist","186",".75L","100","Remy Cointreau USA","300","Lauren Wiseman",
="42630","The Botanist","46","1.75L","44","Remy Cointreau USA","132","Lauren Wiseman",
="42655","Drumshanbo Sardinian Citrus Irish Gin","226",".75L","120","Palm Bay International","360","Barry Sessoms",
="42656","Drumshanbo Gunpowder Gin","365",".75L","120","Palm Bay International","480","Barry Sessoms",
="42670","Malfy Gin Con Limone","434",".75L","80","Pernod Ricard USA","315","Jack Wooten",
="42674","Monkey 47 Gin","207",".75L","120","Pernod Ricard USA","360","Jack Wooten",
="42685","McQueen and The Violet Fog","41",".75L","120","Sovereign Brands","360","Donavan Campbell",
="42691","Roku Gin","235",".75L","102","Beam Suntory","270","Bill York",
="42916","Beefeater","119","1.75L","64","Pernod Ricard USA","384","Jack Wooten",
="42918","Beefeater","172",".75L","68","Pernod Ricard USA","680","Jack Wooten",
="42924","Beefeater 24","0",".75L","116","Pernod Ricard USA","348","Jack Wooten",
="42936","Boodles British Gin","151",".75L","55","WI, Inc","220","Lauren Wiseman",
="42944","Bombay Sapphire","597","1.75L","64","Bacardi USA","640","Barry Sessoms",
="42945","Bombay Sapphire","1241",".75L","56","Bacardi USA","1232","Barry Sessoms",
="42946","Bombay Sapphire Flask","0",".375L","63","Bacardi USA","189","Barry Sessoms",
="42947","Bombay Bramble","149",".75L","112","Bacardi USA","336","Barry Sessoms",
="42948","Bombay","194","1.75L","64","Bacardi USA","192","Barry Sessoms",
="42949","Bombay Sapphire Premier Cru","260","700ML","112","Bacardi USA","336","Barry Sessoms",
="42950","Bombay","0",".75L","55","Bacardi USA","165","Barry Sessoms",
="42962","Plymouth","33",".75L","100","Park St Imp/ Lafayette Imports","300","Nick Pourasef",
="42964","Pinnacle Gin","0","1.75L","75","Beam Suntory","225","Bill York",
="42972","Citadelle","296",".75L","116","Maison Ferrand USA","348","Nick Pourasef",
="42975","Hendrick's","161",".375L","98","William Grant & Sons","196","Donavan Campbell",
="42976","Hendrick's","217","1.75L","60","William Grant & Sons","240","Donavan Campbell",
="42977","Hendrick's","504",".75L","140","William Grant & Sons","1680","Donavan Campbell",
="43000","Sipsmith  London Dry Gin","148",".75L","110","Beam Suntory","330","Bill York",
="43011","Tanqueray","2546","1.75L","48","Diageo NA","1008","Garrett Miller",
="43013","Tanqueray","2011",".75L","60","Diageo NA","2100","Garrett Miller",
="43017","Tanqueray","432",".375L","42","Diageo NA","336","Garrett Miller",
="43036","Tanqueray Sevilla Orange","60",".75L","60","Diageo NA","360","Garrett Miller",
="43040","Tanqueray No.Ten","0",".75L","55","Diageo NA","165","Garrett Miller",
="43042","Tanqueray Rangpur Lime","90","1.75L","48","Diageo NA","192","Garrett Miller",
="43043","Tanqueray Rangpur Lime","87",".75L","60","Diageo NA","240","Garrett Miller",
="43085","Nolet's Dry Gin Silver","51",".75L","136","Diageo NA","272","Garrett Miller",
="43251","The American Vodka","969","1.75L","75","Heaven Hill","1125","Nick Pourasef",
="43252","The American Vodka","889",".75L","70","Heaven Hill","560","Nick Pourasef",
="43253","High Rock","211",".75L","112","Sugarlands Distilling","336","Nick Pourasef",
="43294","Prairie Organic Vodka","145","1.75L","52","USDP/ Phillips","156","Bill York",
="43308","Aristocrat Supreme Vodka Carry Pk","2954",".75L","90","Heaven Hill","3600","Nick Pourasef",
="43309","Aristocrat Supreme Vodka","5294","1.75L","75","Heaven Hill","6000","Nick Pourasef",
="43310","Aristocrat Supreme Vodka","2349",".75L","70","Heaven Hill","3150","Nick Pourasef",
="43312","Aristocrat Supreme Vodka","1110",".375L","98","Heaven Hill","980","Nick Pourasef",
="43313","Blue Ice Vodka","130","1.75L","52","21st Century Spirits","208","Barry Sessoms",
="43314","Blue Ice Vodka","114",".75L","66","21st Century Spirits","198","Barry Sessoms",
="43373","Cathead Honeysuckle","42",".75L","70","Bottle Tree Beverage Co.","140","Bill York",
="43388","Bowman's Virginia","1620","1.75L","56","Sazerac Co.","1120","Rick Henry",
="43411","Burnett's Mango","171","1.75L","84","Heaven Hill","252","Nick Pourasef",
="43417","Burnett's Cherry","256","1.75L","84","Heaven Hill","588","Nick Pourasef",
="43418","Burnett's Cherry","405",".75L","65","Heaven Hill","325","Nick Pourasef",
="43426","Burnett's Vanilla","324","1.75L","84","Heaven Hill","252","Nick Pourasef",
="43432","Burnett's Strawberry","368","1.75L","84","Heaven Hill","252","Nick Pourasef",
="43435","Burnett's Lime","349","1.75L","84","Heaven Hill","420","Nick Pourasef",
="43442","Burnett's Peach","491","1.75L","84","Heaven Hill","420","Nick Pourasef",
="43446","Burnett's Grape","319",".75L","65","Heaven Hill","195","Nick Pourasef",
="43451","Burnett's Vodka 100","733","1.75L","84","Heaven Hill","840","Nick Pourasef",
="43452","Burnett's 100","0",".75L","65","Heaven Hill","195","Nick Pourasef",
="43456","Burnett's Pineapple","232","1.75L","84","Heaven Hill","252","Nick Pourasef",
="43457","Burnett's Pineapple","106",".75L","65","Heaven Hill","260","Nick Pourasef",
="43459","Burnett's Pink Lemonade","56","1.75L","84","Heaven Hill","168","Nick Pourasef",
="43469","Burnett's Strawberry Banana","321","1.75L","84","Heaven Hill","336","Nick Pourasef",
="43472","Crown Russe","430","1.75L","56","Sazerac Co.","1456","Rick Henry",
="43543","Five O'Clock Vodka","0","1.75L","75","Laird & Company","600","Donavan Campbell",
="43568","Fleischmann's Royal","217","1.75L","75","Sazerac Co.","450","Rick Henry",
="43572","FireFly Sweet Tea","140","1.75L","50","Sazerac Co.","150","Rick Henry",
="43574","FireFly Sweet Tea","298",".75L","70","Sazerac Co.","420","Rick Henry",
="43588","Gilbey's 80","590","1.75L","75","Beam Suntory","600","Bill York",
="43596","Burnett's Citrus","327","1.75L","84","Heaven Hill","588","Nick Pourasef",
="43597","Burnett's Citrus","310",".75L","65","Heaven Hill","390","Nick Pourasef",
="43599","Burnett's Vodka 80 Carry Pk","2049",".75L","90","Heaven Hill","2700","Nick Pourasef",
="43600","Burnett's Vodka 80","6395","1.75L","84","Heaven Hill","6720","Nick Pourasef",
="43601","Burnett's 80","910",".75L","65","Heaven Hill","1040","Nick Pourasef",
="43602","Burnett's Vodka 80","582",".375L","98","Heaven Hill","882","Nick Pourasef",
="43603","Burnett's Orange","589","1.75L","84","Heaven Hill","336","Nick Pourasef",
="43606","Burnett's Raspberry","162","1.75L","84","Heaven Hill","252","Nick Pourasef",
="43607","Burnett's Raspberry","173",".75L","65","Heaven Hill","195","Nick Pourasef",
="43616","Burnett's Whipped Cream","92","1.75L","84","Heaven Hill","336","Nick Pourasef",
="43617","Burnett's Whipped Cream","325",".75L","65","Heaven Hill","260","Nick Pourasef",
="43622","Gordon's Vodka","107","1.75L","75","Diageo NA","525","Garrett Miller",
="43624","Gordon's Vodka","169",".75L","70","Diageo NA","280","Garrett Miller",
="43657","Dixie Southern Vodka","130","1.75L","48","Park St Imp/ Grain & Barrel Spirits","144","Nick Pourasef",
="43658","Dixie Southern Vodka","263",".75L","100","Park St Imp/ Grain & Barrel Spirits","300","Nick Pourasef",
="43788","New Amsterdam PET","662",".75L","64","E & J Gallo Winery","720","Donavan Campbell",
="43790","New Amsterdam 100P Vodka","42","1.75L","64","E & J Gallo Winery","256","Donavan Campbell",
="43791","New Amsterdam 100P","310",".75L","64","E & J Gallo Winery","320","Donavan Campbell",
="43793","New Amsterdam Vodka","1900","1.75L","64","E & J Gallo Winery","3264","Donavan Campbell",
="43794","New Amsterdam Vodka","701",".75L","64","E & J Gallo Winery","1728","Donavan Campbell",
="43795","New Amsterdam Vodka","670",".375L","54","E & J Gallo Winery","1026","Donavan Campbell",
="43796","New Amsterdam Peach Flavored","672","1.75L","64","E & J Gallo Winery","960","Donavan Campbell",
="43797","New Amsterdam Peach Flavored","115",".75L","64","E & J Gallo Winery","1024","Donavan Campbell",
="43798","New Amsterdam Peach Flavored","366",".375L","54","E & J Gallo Winery","486","Donavan Campbell",
="43799","New Amsterdam Red Berry Flavored","234","1.75L","64","E & J Gallo Winery","256","Donavan Campbell",
="43800","New Amsterdam Red Berry Flavored","243",".75L","64","E & J Gallo Winery","448","Donavan Campbell",
="43803","New Amsterdam Coconut Flavored","247",".75L","64","E & J Gallo Winery","256","Donavan Campbell",
="43806","New Amsterdam Lemon Flavored","144",".75L","64","E & J Gallo Winery","256","Donavan Campbell",
="43807","New Amsterdam Passionfruit Flavored","7",".75L","64","E & J Gallo Winery","192","Donavan Campbell",
="43808","New Amsterdam Pineapple Flavored","392","1.75L","64","E & J Gallo Winery","640","Donavan Campbell",
="43809","New Amsterdam Pineapple Flavored","480",".75L","64","E & J Gallo Winery","640","Donavan Campbell",
="43810","New Amsterdam Pineapple Flavored","372",".375L","54","E & J Gallo Winery","486","Donavan Campbell",
="43814","New Amsterdam Mango Flavored","136",".75L","64","E & J Gallo Winery","256","Donavan Campbell",
="43816","New Amsterdam Apple Flavored","324","1.75L","64","E & J Gallo Winery","384","Donavan Campbell",
="43817","New Amsterdam Apple Flavored","111",".75L","50","E & J Gallo Winery","300","Donavan Campbell",
="43820","New Amsterdam Raspberry Flavored","173",".75L","64","E & J Gallo Winery","256","Donavan Campbell",
="43825","New Amsterdam Pink Whitney","0","1.75L","64","E & J Gallo Winery","192","Donavan Campbell",
="43826","New Amsterdam Pink Whitney","1690",".75L","64","E & J Gallo Winery","3520","Donavan Campbell",
="43827","New Amsterdam Pink Whitney","86",".375L","54","E & J Gallo Winery","162","Donavan Campbell",
="43829","New Amsterdam Watermelon Flavored","464",".75L","64","E & J Gallo Winery","640","Donavan Campbell",
="43858","Pickers","34",".75L","44","Speakeasy Spirits","88","Lauren Wiseman",
="43880","Nikolai 80","1102","1.75L","75","Sazerac Co.","2025","Rick Henry",
="43882","Nikolai 80","395",".75L","70","Sazerac Co.","560","Rick Henry",
="43895","Ocean Vodka","154",".75L","80","Hawaii Sea Spirits","240","Barry Sessoms",
="43920","Mr. Boston Vodka","988","1.75L","75","Sazerac Co.","1200","Rick Henry",
="43921","Mr. Boston Vodka","1008",".75L","70","Sazerac Co.","1050","Rick Henry",
="43937","UV Blue Raspberry","272",".75L","75","USDP/ Phillips","225","Bill York",
="43939","UV Vodka","270","1.75L","75","USDP/ Phillips","375","Bill York",
="43987","Popov  Portable","370",".75L","90","Sazerac Co.","450","Barry Sessoms",
="43990","Popov","1264","1.75L","90","Sazerac Co.","1500","Barry Sessoms",
="43992","Popov","387",".75L","70","Sazerac Co.","420","Barry Sessoms",
="44022","Rain Vodka","18",".375L","85","Sazerac Co.","255","Rick Henry",
="44023","Rain Vodka","2140","1.75L","36","Sazerac Co.","2520","Rick Henry",
="44024","Rain Vodka","653",".75L","44","Sazerac Co.","704","Rick Henry",
="44028","Rain Mango","161",".75L","44","Sazerac Co.","132","Rick Henry",
="44030","Rain Cucumber","173",".75L","44","Sazerac Co.","176","Rick Henry",
="44041","Relska","0","1.75L","75","Sazerac Co.","450","Barry Sessoms",
="44043","Relska","598",".75L","70","Sazerac Co.","700","Barry Sessoms",
="44072","Seagram's Extra Smooth","1573","1.75L","75","Infinium Spirits","2700","Lauren Wiseman",
="44074","Seagram's Extra Smooth (PET)","232",".75L","90","Infinium Spirits","360","Lauren Wiseman",
="44075","Seagram's Extra Smooth","930",".75L","70","Infinium Spirits","1120","Lauren Wiseman",
="44076","Seagram's Extra Smooth","924",".375L","100","Infinium Spirits","1400","Lauren Wiseman",
="44090","Skyy Infusions Blood Orange","164",".75L","64","Campari America","192","Barry Sessoms",
="44091","Skyy Infusions Georgia Peach","218",".75L","64","Campari America","192","Barry Sessoms",
="44092","Skyy Infusions Pineapple","179",".75L","64","Campari America","192","Barry Sessoms",
="44094","Skyy Infusions Wild Strawberry","271",".75L","64","Campari America","192","Barry Sessoms",
="44101","Skyy Infusions Citrus","250",".75L","64","Campari America","192","Barry Sessoms",
="44105","Skyy 80","2282","1.75L","64","Campari America","2752","Barry Sessoms",
="44107","Skyy 80","982",".75L","64","Campari America","1224","Barry Sessoms",
="44108","Skyy 80","596",".375L","150","Campari America","660","Barry Sessoms",
="44131","Skol","519","1.75L","75","Sazerac Co.","975","Rick Henry",
="44137","Skol","191",".375L","84","Sazerac Co.","252","Rick Henry",
="44139","Smirnoff Raspberry","136",".75L","70","Diageo NA","350","Garrett Miller",
="44143","Smirnoff Orange","191",".75L","70","Diageo NA","280","Garrett Miller",
="44146","Smirnoff Citrus","89",".75L","70","Diageo NA","280","Garrett Miller",
="44149","Smirnoff 80 TRV","523",".75L","90","Diageo NA","2070","Garrett Miller",
="44151","Smirnoff 80 (PET)","3548","1.75L","80","Diageo NA","8960","Garrett Miller",
="44152","Smirnoff 80","800",".75L","70","Diageo NA","3500","Garrett Miller",
="44153","Smirnoff Blue Raspberry Lemonade","73",".75L","70","Diageo NA","210","Garrett Miller",
="44155","Smirnoff Spicy Tamarind","137",".75L","70","Diageo NA","210","Garrett Miller",
="44156","Smirnoff 80","70",".375L","84","Diageo NA","1344","Garrett Miller",
="44158","Smirnoff Vanilla","124",".75L","70","Diageo NA","350","Garrett Miller",
="44161","Smirnoff Green Apple","105",".75L","70","Diageo NA","350","Garrett Miller",
="44162","Smirnoff Peach Lemonade","77",".75L","70","Diageo NA","210","Garrett Miller",
="44163","Smirnoff Peach Lemonade","134","1.75L","75","Diageo NA","225","Garrett Miller",
="44168","Smirnoff Watermelon","61",".75L","70","Diageo NA","280","Garrett Miller",
="44169","Platinum 10X Vodka","0",".75L","44","Sazerac Co.","240","Rick Henry",
="44171","Platinum 7X","7529","1.75L","75","Sazerac Co.","6750","Rick Henry",
="44172","Platinum 7X Traveler","73",".75L","90","Sazerac Co.","450","Rick Henry",
="44173","Platinum 7X","686",".75L","90","Sazerac Co.","1260","Rick Henry",
="44174","Platinum 7X","847",".375L","84","Sazerac Co.","840","Rick Henry",
="44176","Smirnoff Strawberry","244",".75L","70","Diageo NA","350","Garrett Miller",
="44183","Smirnoff Cherry","47",".75L","70","Diageo NA","210","Garrett Miller",
="44189","Smirnoff Blueberry","98",".75L","70","Diageo NA","210","Garrett Miller",
="44201","Travelers Club Vodka 80","915","1.75L","56","Sazerac Co.","1344","Rick Henry",
="44202","Travelers Club Vodka 80","221",".75L","70","Sazerac Co.","630","Rick Henry",
="44204","Travelers Club Vodka 80","56",".375L","70","Sazerac Co.","210","Rick Henry",
="44209","Smirnoff Pineapple","49",".75L","70","Diageo NA","210","Garrett Miller",
="44219","Smirnoff Whipped Cream","0",".75L","70","Diageo NA","350","Garrett Miller",
="44221","Smirnoff Peach","99",".75L","70","Diageo NA","210","Garrett Miller",
="44229","Smirnoff Kissed Caramel","77",".75L","70","Diageo NA","560","Garrett Miller",
="44230","Smirnoff Sours Berry Lemon","44",".75L","70","Diageo NA","210","Garrett Miller",
="44237","Tito's Handmade Vodka","20519","1.75L","60","Fifth Generation","20040","Donavan Campbell",
="44238","Tito's Handmade Vodka","18596",".75L","70","Fifth Generation","15050","Donavan Campbell",
="44239","Tito's Handmade Vodka","863",".375L","108","Fifth Generation","2160","Donavan Campbell",
="44240","Tito's Handmade Vodka (Brick)","1146","600ML","130","Fifth Generation","780","Donavan Campbell",
="44242","Vladimir 80","451","1.75L","60","Montebello Brands","540","Donavan Campbell",
="44297","White Claw Black Cherry Vodka","0",".75L","56","MHW/ American Vintage Beverage","168","Nick Pourasef",
="44308","Deep Eddy Peach Vodka","166","1.75L","60","Heaven Hill","180","Nick Pourasef",
="44309","Deep Eddy Vodka","421",".375L","102","Heaven Hill","306","Nick Pourasef",
="44310","Deep Eddy Vodka","512","1.75L","60","Heaven Hill","900","Nick Pourasef",
="44311","Deep Eddy Vodka","415",".75L","65","Heaven Hill","455","Nick Pourasef",
="44314","Deep Eddy  Ruby Red","190","1.75L","60","Heaven Hill","240","Nick Pourasef",
="44315","Deep Eddy Ruby Red Grapefruit","474",".75L","65","Heaven Hill","390","Nick Pourasef",
="44316","Deep Eddy Cranberry","295",".75L","65","Heaven Hill","130","Nick Pourasef",
="44317","Deep Eddy Lemon","1077",".75L","65","Heaven Hill","910","Nick Pourasef",
="44318","Deep Eddy Peach","175",".75L","65","Heaven Hill","195","Nick Pourasef",
="44319","Deep Eddy Lemon","0","1.75L","60","Heaven Hill","420","Nick Pourasef",
="44321","Deep Eddy Orange","148",".75L","65","Heaven Hill","260","Nick Pourasef",
="44327","Deep Eddy Lemon","187",".375L","102","Heaven Hill","306","Nick Pourasef",
="44329","Deep Eddy Lime Vodka","252",".75L","65","Heaven Hill","195","Nick Pourasef",
="44331","Deep Eddy Lime Vodka","43","1.75L","60","Heaven Hill","180","Nick Pourasef",
="44343","Truly Strawberry Lemonade","627",".75L","60","Beam Suntory","180","Bill York",
="44344","Truly Wild Berry","356",".75L","60","Beam Suntory","180","Bill York",
="44345","Truly Pineapple Mango","777",".75L","60","Beam Suntory","180","Bill York",
="44350","Taaka Vodka","278","1.75L","75","Sazerac Co.","1350","Rick Henry",
="44351","Taaka Vodka","1917",".75L","70","Sazerac Co.","2240","Rick Henry",
="44377","Smirnoff Zero Sugar Cucumber & Lime","107",".75L","70","Diageo NA","210","Garrett Miller",
="44379","Smirnoff Zero Sugar Strawberry and Rose","116",".75L","70","Diageo NA","210","Garrett Miller",
="44381","Smirnoff Zero Sugar Watermelon and Mint","49",".75L","70","Diageo NA","210","Garrett Miller",
="44382","Smirnoff Pink Lemonade","103","1.75L","75","Diageo NA","450","Garrett Miller",
="44383","Smirnoff Pink Lemonade","83",".75L","70","Diageo NA","630","Garrett Miller",
="44406","Dr. Stoner's Fresh Herb Vodka","158",".75L","100","Blackbird Spirits","300","Jason Lemansky",
="46010","Aristocrat Vodka 100","420","1.75L","75","Heaven Hill","525","Nick Pourasef",
="46011","Aristocrat Vodka 100","213",".75L","70","Heaven Hill","280","Nick Pourasef",
="46153","Mr. Boston","248","1.75L","75","Sazerac Co.","225","Rick Henry",
="46211","360 Georgia Peach","18",".75L","45","McCormick Distilling Co.","90","Donavan Campbell",
="46220","360 Double Chocolate Vodka","0",".75L","45","McCormick Distilling Co.","135","Donavan Campbell",
="46222","360 Vodka","59","1.75L","36","McCormick Distilling Co.","108","Donavan Campbell",
="46223","360 Vodka","94",".75L","45","McCormick Distilling Co.","135","Donavan Campbell",
="46228","Smirnoff 100","302","1.75L","80","Diageo NA","1280","Garrett Miller",
="46230","Smirnoff 100","94",".75L","70","Diageo NA","630","Garrett Miller",
="46234","Smirnoff 100","215",".375L","84","Diageo NA","420","Garrett Miller",
="46256","Wheatley Vodka","226","1.75L","60","Sazerac Co.","180","Rick Henry",
="46257","Wheatley Vodka","222",".75L","55","Sazerac Co.","165","Rick Henry",
="46260","Western Son Vodka","127","1.75L","60","Western Son Distillery","180","Jason Lemansky",
="46284","Aristocrat Vodka 90","690","1.75L","75","Heaven Hill","675","Nick Pourasef",
="46285","Aristocrat Vodka 90","371",".75L","70","Heaven Hill","210","Nick Pourasef",
="46287","Aristocrat Vodka 90","179",".375L","98","Heaven Hill","196","Nick Pourasef",
="46495","Smirnoff Silver","346","1.75L","80","Diageo NA","960","Garrett Miller",
="46497","Smirnoff Silver","159",".75L","70","Diageo NA","700","Garrett Miller",
="46508","Absolut Peach","168",".75L","55","Pernod Ricard USA","330","Jack Wooten",
="46511","Absolut Raspberri","69",".75L","55","Pernod Ricard USA","165","Jack Wooten",
="46512","Absolut Lime","161",".75L","55","Pernod Ricard USA","275","Jack Wooten",
="46514","Absolut Vanilia","246",".75L","55","Pernod Ricard USA","275","Jack Wooten",
="46516","Absolut Mandrin","87","1.75L","52","Pernod Ricard USA","156","Jack Wooten",
="46517","Absolut Mandrin","269",".75L","55","Pernod Ricard USA","385","Jack Wooten",
="46518","Absolut Mandrin","29",".375L","54","Pernod Ricard USA","108","Jack Wooten",
="46519","Absolut Citron","252","1.75L","52","Pernod Ricard USA","312","Jack Wooten",
="46520","Absolut Citron","371",".75L","55","Pernod Ricard USA","770","Jack Wooten",
="46521","Absolut Citron","116",".375L","54","Pernod Ricard USA","162","Jack Wooten",
="46523","Absolut Peppar","70",".75L","55","Pernod Ricard USA","220","Jack Wooten",
="46525","Absolut Grapefruit","162",".75L","55","Pernod Ricard USA","165","Jack Wooten",
="46528","Absolut Pears","215",".75L","55","Pernod Ricard USA","220","Jack Wooten",
="46530","Absolut","1108","1.75L","52","Pernod Ricard USA","2704","Jack Wooten",
="46531","Absolut","1514",".75L","55","Pernod Ricard USA","4950","Jack Wooten",
="46533","Absolut","503",".375L","54","Pernod Ricard USA","756","Jack Wooten",
="46537","Absolut Mango","155",".75L","55","Pernod Ricard USA","165","Jack Wooten",
="46538","Finlandia","491","1.75L","52","Brown - Forman","364","Lauren Wiseman",
="46539","Finlandia","315",".75L","60","Brown - Forman","180","Lauren Wiseman",
="46540","Absolut Lime","66","1.75L","52","Pernod Ricard USA","156","Jack Wooten",
="46541","Absolut Wild Berri","304",".75L","110","Pernod Ricard USA","330","Jack Wooten",
="46549","Absolut Watermelon","367",".75L","110","Pernod Ricard USA","550","Jack Wooten",
="46552","Chopin Potato","100","1.75L","48","MHW/ Chopin Vodka","144","Nick Pourasef",
="46553","Chopin Potato","290",".75L","110","MHW/ Chopin Vodka","330","Nick Pourasef",
="46557","Belvedere Pure Organic","207","1.75L","48","Moet Hennessy","240","Garrett Miller",
="46558","Belvedere Pure Organic","954",".75L","88","Moet Hennessy","968","Garrett Miller",
="46559","Belvedere Pure Organic","217",".375L","110","Moet Hennessy","440","Garrett Miller",
="46561","Belvedere Smogory Forest Rye","0",".75L","90","Moet Hennessy","360","Garrett Miller",
="46564","Ciroc Summer Citrus","0",".75L","60","Diageo NA","180","Garrett Miller",
="46567","Stoli Blueberry","180",".75L","60","Stoli Group USA","180","Donavan Campbell",
="46576","Stoli Orange","137",".75L","60","Stoli Group USA","180","Donavan Campbell",
="46578","Stoli elit","137",".75L","112","Stoli Group USA","224","Donavan Campbell",
="46581","Stoli 100","119",".75L","60","Stoli Group USA","120","Donavan Campbell",
="46588","Stoli Raspberry","171",".75L","60","Stoli Group USA","180","Donavan Campbell",
="46592","Stoli Vanilla","160",".75L","60","Stoli Group USA","180","Donavan Campbell",
="46594","Stoli 80","608","1.75L","52","Stoli Group USA","1040","Donavan Campbell",
="46595","Stoli 80","681",".75L","60","Stoli Group USA","780","Donavan Campbell",
="46599","Stoli 80","245",".375L","100","Stoli Group USA","300","Donavan Campbell",
="46610","Tanqueray Sterling","15","1.75L","48","Diageo NA","384","Garrett Miller",
="46611","Tanqueray Sterling","25",".75L","60","Diageo NA","360","Garrett Miller",
="46623","Haku Vodka","194",".75L","92","Beam Suntory","276","Bill York",
="46640","Fris Vodka","684","1.75L","60","Sazerac Co.","1680","Barry Sessoms",
="46641","Fris Vodka","642",".75L","80","Sazerac Co.","560","Barry Sessoms",
="46642","Broken Shed Vodka","432","1.75L","52","MHW/ Broken Shed","207","Bill York",
="46645","Broken Shed Vodka","434",".75L","120","MHW/ Broken Shed","360","Bill York",
="46665","Ciroc Mango","51","1.75L","64","Diageo NA","128","Garrett Miller",
="46666","Ciroc Mango","286",".75L","60","Diageo NA","600","Garrett Miller",
="46667","Ciroc Mango","179",".375L","100","Diageo NA","800","Garrett Miller",
="46670","Ciroc Apple","215","1.75L","64","Diageo NA","256","Garrett Miller",
="46671","Ciroc Apple","271",".75L","60","Diageo NA","540","Garrett Miller",
="46672","Ciroc Apple","0",".375L","100","Diageo NA","800","Garrett Miller",
="46689","Ciroc Passion","184",".75L","60","Diageo NA","480","Garrett Miller",
="46690","Ciroc Passion","56","1.75L","64","Diageo NA","192","Garrett Miller",
="46691","Ciroc Passion","100",".375L","100","Diageo NA","300","Garrett Miller",
="46712","Ciroc Red Berry","5","1.75L","64","Diageo NA","192","Garrett Miller",
="46713","Ciroc Red Berry","179",".75L","60","Diageo NA","360","Garrett Miller",
="46714","Ciroc Red Berry","94",".375L","100","Diageo NA","400","Garrett Miller",
="46715","Ciroc Coconut","27","1.75L","64","Diageo NA","128","Garrett Miller",
="46716","Ciroc Coconut","81",".75L","60","Diageo NA","240","Garrett Miller",
="46717","Ciroc Coconut","209",".375L","100","Diageo NA","400","Garrett Miller",
="46718","Ciroc","172","1.75L","64","Diageo NA","384","Garrett Miller",
="46720","Ciroc","108",".75L","60","Diageo NA","900","Garrett Miller",
="46721","Ciroc","232",".375L","100","Diageo NA","700","Garrett Miller",
="46723","Ciroc Peach","109",".75L","60","Diageo NA","540","Garrett Miller",
="46729","Ciroc Peach","27","1.75L","64","Diageo NA","256","Garrett Miller",
="46730","Ciroc Peach","204",".375L","100","Diageo NA","600","Garrett Miller",
="46746","Luksusowa Potato","1483","1.75L","64","Deutsch Family W & S","2176","Barry Sessoms",
="46747","Luksusowa Potato","1073",".75L","65","Deutsch Family W & S","715","Barry Sessoms",
="46751","Ciroc Pineapple","137","1.75L","64","Diageo NA","128","Garrett Miller",
="46752","Ciroc Pineapple","132",".75L","60","Diageo NA","540","Garrett Miller",
="46753","Ciroc Pineapple","236",".375L","100","Diageo NA","500","Garrett Miller",
="46754","Ciroc Summer Watermelon","79","1.75L","64","Diageo NA","192","Garrett Miller",
="46755","Ciroc Summer Watermelon","88",".75L","60","Diageo NA","360","Garrett Miller",
="46756","Ciroc Summer Watermelon","60",".375L","100","Diageo NA","300","Garrett Miller",
="46758","Sobieski Polish","361","1.75L","64","Sazerac/ 375 Park Ave Spirits","650","Barry Sessoms",
="46759","Sobieski Polish","387",".75L","70","Sazerac/ 375 Park Ave Spirits","280","Barry Sessoms",
="46765","Van Gogh Double Espresso","347",".75L","140","MHW/ Conecuh Ridge","336","Donavan Campbell",
="46783","Pearl","638","1.75L","52","Luxco","936","Donavan Campbell",
="46784","Pearl","78",".75L","56","Luxco","224","Donavan Campbell",
="46822","Three Olives Cherry","20",".75L","56","Proximo Spirits","224","Lauren Wiseman",
="46826","Three Olives","0","1.75L","60","Proximo Spirits","420","Lauren Wiseman",
="46827","Three Olives","44",".75L","56","Proximo Spirits","336","Lauren Wiseman",
="46828","Grey Goose Essences Strawberry & Lemongrass","42",".75L","112","Bacardi USA","336","Barry Sessoms",
="46836","Grey Goose","673","1.75L","48","Bacardi USA","1344","Barry Sessoms",
="46837","Grey Goose","2007",".75L","56","Bacardi USA","5600","Barry Sessoms",
="46838","Grey Goose","783",".375L","110","Bacardi USA","1540","Barry Sessoms",
="46840","Grey Goose L'Orange","52","1.75L","48","Bacardi USA","144","Barry Sessoms",
="46841","Grey Goose L'Orange","70",".75L","112","Bacardi USA","336","Barry Sessoms",
="46844","Grey Goose Le Citron","92",".75L","112","Bacardi USA","336","Barry Sessoms",
="46847","Grey Goose La Poire","76",".75L","112","Bacardi USA","336","Barry Sessoms",
="46859","Ketel One","2685","1.75L","60","Diageo NA","1200","Garrett Miller",
="46860","Ketel One","1512",".75L","64","Diageo NA","1984","Garrett Miller",
="46861","Ketel One","632",".375L","105","Diageo NA","420","Garrett Miller",
="46862","Svedka Strawberry Lemonade","235",".75L","70","Constellation Brands","280","Bill York",
="46867","Svedka Traveler (PET)","237",".75L","75","Constellation Brands","300","Bill York",
="46868","Svedka","1986","1.75L","60","Constellation Brands","3120","Bill York",
="46869","Svedka","716",".75L","70","Constellation Brands","980","Bill York",
="46870","Svedka","686",".375L","84","Constellation Brands","756","Bill York",
="46874","Svedka Citron","177","1.75L","60","Constellation Brands","240","Bill York",
="46880","Svedka Mango Pineapple","275",".75L","70","Constellation Brands","280","Bill York",
="46882","Ketel One Oranje","44",".75L","64","Diageo NA","112","Garrett Miller",
="46884","Ketel One Citroen","76","1.75L","60","Diageo NA","180","Garrett Miller",
="46885","Ketel One Citroen","36",".75L","64","Diageo NA","112","Garrett Miller",
="46887","Ketel One Botanical Cucumber & Mint","87",".75L","64","Diageo NA","320","Garrett Miller",
="46889","Ketel One Botanical Peach & Orange Blossom","137",".75L","64","Diageo NA","320","Garrett Miller",
="46891","Ketel One Botanical Grapefruit & Rose","85",".75L","64","Diageo NA","320","Garrett Miller",
="46902","Svedka Blue Raspberry","217",".75L","70","Constellation Brands","280","Bill York",
="46903","Svedka Cherry Limeade","211",".75L","70","Constellation Brands","210","Bill York",
="46928","Effen Blood Orange","252",".75L","112","Beam Suntory","336","Bill York",
="46932","Effen Cucumber","350",".75L","112","Beam Suntory","336","Bill York",
="46934","Effen","437",".75L","112","Beam Suntory","336","Bill York",
="46947","Three Olives Loopy","0",".75L","56","Proximo Spirits","224","Lauren Wiseman",
="46949","Three Olives Grape","43",".75L","56","Proximo Spirits","224","Lauren Wiseman",
="46953","Pinnacle Whipped","0","1.75L","75","Beam Suntory","525","Bill York",
="46957","Pinnacle Whipped","769",".75L","56","Beam Suntory","840","Bill York",
="46962","Pinnacle Citrus","0","1.75L","75","Beam Suntory","225","Bill York",
="46974","Pinnacle 100","36","1.75L","75","Beam Suntory","300","Bill York",
="46975","Pinnacle","5006","1.75L","75","Beam Suntory","5025","Bill York",
="46976","Pinnacle","640",".75L","56","Beam Suntory","1232","Bill York",
="46977","Pinnacle","217",".375L","77","Beam Suntory","450","Bill York",
="46978","Pinnacle (PET)","661",".75L","108","Beam Suntory","540","Bill York",
="46992","Crystal Head","125",".75L","60","Infinium Spirits","240","Lauren Wiseman",
="47004","Reyka","0",".75L","120","William Grant & Sons","720","Donavan Campbell",
="47006","Reyka","35","1.75L","48","William Grant & Sons","480","Donavan Campbell",
="47017","Bacardi Spiced","42","1.75L","60","Bacardi USA","180","Barry Sessoms",
="47018","Bacardi Spiced","66",".75L","68","Bacardi USA","204","Barry Sessoms",
="47051","Blue Chair Bay Coconut Rum","151",".75L","50","MHW/ Fishbowl","250","Donavan Campbell",
="47055","Blue Chair Bay Banana Rum Cream","120",".75L","50","MHW/ Fishbowl","200","Donavan Campbell",
="47059","Blue Chair Bay Key Lime Cream","129",".75L","50","MHW/ Fishbowl","200","Donavan Campbell",
="47076","Admiral Nelson's Silver","167","1.75L","75","Heaven Hill","225","Nick Pourasef",
="47077","Admiral Nelson's Silver","159",".75L","70","Heaven Hill","210","Nick Pourasef",
="47101","Ron Zacapa 23Y","122",".75L","100","Diageo NA","200","Garrett Miller",
="47118","Calico Jack Coconut Rum","203","1.75L","75","Beam Suntory","225","Bill York",
="47119","Calico Jack Coconut Rum","165",".75L","56","Beam Suntory","168","Bill York",
="47145","Calypso Spiced Rum","228","1.75L","75","Sazerac Co.","225","Rick Henry",
="47156","Diplomatico Reserva Exclusiva","205",".75L","128","Brown - Forman","320","Lauren Wiseman",
="47195","Bumbu Rum","0",".75L","120","Sovereign Brands","840","Donavan Campbell",
="47196","Bumbu XO","379",".75L","120","Sovereign Brands","360","Donavan Campbell",
="47197","Bumbu Rum","174",".375L","119","Sovereign Brands","357","Donavan Campbell",
="47217","Mr. Boston Light Rum","110",".75L","70","Sazerac Co.","70","Rick Henry",
="47233","Bacoo White","87",".75L","100","Sans Wine & Spirits","300","Ruben Martinez",
="47234","Bacoo Dominican 5Y","181",".75L","100","Sans Wine & Spirits","300","Ruben Martinez",
="47235","Bacoo Dominican 8Y","232",".75L","100","Sans Wine & Spirits","300","Ruben Martinez",
="47237","Bacoo Dominican 12Y","187",".75L","100","Sans Wine & Spirits","300","Ruben Martinez",
="47289","Plantation Grand Reserve 5Y Rum","87",".75L","100","Maison Ferrand USA","200","Nick Pourasef",
="47293","Plantation Original Dark Rum","39",".75L","88","Maison Ferrand USA","352","Nick Pourasef",
="47296","Plantation Pineapple Rum","245",".75L","88","Maison Ferrand USA","352","Nick Pourasef",
="47387","Havana Club Anejo Blanco","0",".75L","75","Bacardi USA","150","Barry Sessoms",
="47470","Ron Llave Blanco Supremo","282","1.75L","75","Heaven Hill","300","Nick Pourasef",
="47471","Ron Llave Blanco Supremo","75",".75L","70","Heaven Hill","210","Nick Pourasef",
="47474","Ron Llave Oro Supremo","129","1.75L","75","Heaven Hill","150","Nick Pourasef",
="47499","RumHaven Coconut Caribbean","196",".75L","51","E & J Gallo Winery","204","Donavan Campbell",
="47562","Whaler's "Killer" Coconut","439",".75L","66","Heaven Hill","198","Nick Pourasef",
="47568","Pyrat  XO Reserve Rum","29",".75L","60","Bacardi USA","240","Barry Sessoms",
="47651","Kraken Original Spiced Rum 94P","525","1.75L","48","Proximo Spirits","336","Lauren Wiseman",
="47652","Kraken Original Spiced Rum 94P","233",".75L","55","Proximo Spirits","550","Lauren Wiseman",
="47653","Kraken Original Spiced Rum 94P","239",".375L","70","Proximo Spirits","280","Lauren Wiseman",
="47655","Kraken Gold Spiced Rum 70","319",".75L","55","Proximo Spirits","275","Lauren Wiseman",
="47665","Kirk and Sweeney Gran Reserva Superior","86",".75L","48","3 Badge Beverage Corp.","144","Nick Pourasef",
="47667","Kirk and Sweeney Reserva","64",".75L","48","3 Badge Beverage Corp.","144","Nick Pourasef",
="47750","Bacardi Ocho","45",".75L","50","Bacardi USA","110","Barry Sessoms",
="47761","Bacardi Raspberry","55","1.75L","60","Bacardi USA","120","Barry Sessoms",
="47762","Bacardi Raspberry","59",".75L","68","Bacardi USA","136","Barry Sessoms",
="47765","Bacardi Coconut","181","1.75L","60","Bacardi USA","120","Barry Sessoms",
="47766","Bacardi Coconut","448",".75L","68","Bacardi USA","204","Barry Sessoms",
="47774","Bacardi Dragonberry","180","1.75L","60","Bacardi USA","180","Barry Sessoms",
="47775","Bacardi Dragonberry","343",".75L","68","Bacardi USA","340","Barry Sessoms",
="47777","Bacardi Pineapple","243","1.75L","60","Bacardi USA","300","Barry Sessoms",
="47778","Bacardi Pineapple","0",".75L","68","Bacardi USA","680","Barry Sessoms",
="47786","Bacardi Lime","161",".75L","68","Bacardi USA","204","Barry Sessoms",
="47798","Bacardi Limon","249","1.75L","60","Bacardi USA","540","Barry Sessoms",
="47799","Bacardi Limon","344",".75L","68","Bacardi USA","544","Barry Sessoms",
="47800","Bacardi Limon","24",".375L","100","Bacardi USA","550","Barry Sessoms",
="47801","Bacardi Black","401","1.75L","60","Bacardi USA","540","Barry Sessoms",
="47803","Bacardi Black","46",".75L","75","Bacardi USA","272","Barry Sessoms",
="47806","Bacardi Black","38",".375L","66","Bacardi USA","132","Barry Sessoms",
="47815","Bacardi Tropical","119",".75L","68","Bacardi USA","204","Barry Sessoms",
="47816","Bacardi Tropical","0","1.75L","60","Bacardi USA","180","Barry Sessoms",
="47818","Bacardi Gold PET","617","1.75L","75","Bacardi USA","675","Barry Sessoms",
="47819","Bacardi Gold","668","1.75L","60","Bacardi USA","900","Barry Sessoms",
="47820","Bacardi Gold (PET)","0",".75L","90","Bacardi USA","180","Barry Sessoms",
="47821","Bacardi Gold","399",".75L","68","Bacardi USA","680","Barry Sessoms",
="47822","Bacardi Mango Chile","191","1.75L","60","Bacardi USA","180","Barry Sessoms",
="47823","Bacardi Mango Chile","122",".75L","68","Bacardi USA","204","Barry Sessoms",
="47824","Bacardi Gold","256",".375L","66","Bacardi USA","528","Barry Sessoms",
="47826","Bacardi Anejo Cuatro","74",".75L","44","Bacardi USA","132","Barry Sessoms",
="47840","Bacardi Superior TRV","523",".75L","90","Bacardi USA","1260","Barry Sessoms",
="47841","Bacardi Superior","2073","1.75L","60","Bacardi USA","3600","Barry Sessoms",
="47842","Bacardi Superior PET","2247","1.75L","75","Bacardi USA","2625","Barry Sessoms",
="47843","Bacardi Superior","2812",".75L","68","Bacardi USA","3060","Barry Sessoms",
="47846","Bacardi Superior","555",".375L","66","Bacardi USA","1386","Barry Sessoms",
="47855","Castillo Gold Label","70","1.75L","75","Bacardi USA","225","Barry Sessoms",
="47861","Castillo Silver Label","7","1.75L","75","Bacardi USA","375","Barry Sessoms",
="47863","Castillo Silver Label","422",".75L","75","Bacardi USA","750","Barry Sessoms",
="47907","Don Q Cristal Rum","172","1.75L","48","Serralles USA","192","Lauren Wiseman",
="47909","Don Q Cristal Rum","195",".75L","70","Serralles USA","210","Lauren Wiseman",
="47996","Ron Abuelo Anejo","0",".75L","84","WI, Inc","252","Jason Lemansky",
="48008","Ronrico Gold","0","1.75L","75","Beam Suntory","225","Bill York",
="48024","Ronrico Silver","392","1.75L","75","Beam Suntory","450","Bill York",
="48079","SelvaRey Chocolate Rum","210",".75L","100","Park St Imp/ Pacific Plate","300","Nick Pourasef",
="48080","SelvaRey White Rum","284",".75L","100","Park St Imp/ Pacific Plate","300","Nick Pourasef",
="48082","SelvaRey Coconut","223",".75L","100","Park St Imp/ Pacific Plate","300","Nick Pourasef",
="48130","Tanduay Asian Rum-GOLD","0",".75L","125","MHW/ Midway Trading","375","Jason Lemansky",
="48414","Aristocrat Rum 80","482","1.75L","75","Heaven Hill","750","Nick Pourasef",
="48415","Aristocrat Rum 80","1609",".75L","70","Heaven Hill","1400","Nick Pourasef",
="48418","Aristocrat Rum Gold","264","1.75L","75","Heaven Hill","300","Nick Pourasef",
="48425","Pusser's British Navy","238",".75L","120","Shaw-Ross International","360","Barry Sessoms",
="48442","Blackheart Spiced Rum","247",".75L","70","Heaven Hill","280","Nick Pourasef",
="48444","Blackheart Spiced Rum","237","1.75L","60","Heaven Hill","360","Nick Pourasef",
="48446","Blackheart Toasted Coconut Rum","167",".75L","70","Heaven Hill","210","Nick Pourasef",
="48451","Cruzan Hurricane Proof","12",".75L","56","Beam Suntory","168","Bill York",
="48455","Cruzan - Estate Single Barrel","113",".75L","100","Beam Suntory","200","Bill York",
="48459","Cruzan Estate Diamond Light","0",".75L","100","Beam Suntory","0","Bill York",
="48460","Cruzan - Estate Light","0","1.75L","60","Beam Suntory","300","Bill York",
="48461","Cruzan - Estate Light","14",".75L","70","Beam Suntory","350","Bill York",
="48465","Cruzan - Estate Dark","0","1.75L","60","Beam Suntory","420","Bill York",
="48466","Cruzan - Estate Dark","233",".75L","70","Beam Suntory","210","Bill York",
="48471","Cruzan - Mango","292",".75L","70","Beam Suntory","350","Bill York",
="48475","Cruzan Blueberry Lemonade","172",".75L","70","Beam Suntory","210","Bill York",
="48477","Cruzan - Coconut","289",".75L","70","Beam Suntory","420","Bill York",
="48480","Cruzan - Pineapple","259",".75L","70","Beam Suntory","280","Bill York",
="48488","Cruzan - Vanilla","13",".75L","70","Beam Suntory","210","Bill York",
="48494","Cruzan - Black Cherry","80",".75L","70","Beam Suntory","210","Bill York",
="48496","Cruzan Peach","141",".75L","70","Beam Suntory","210","Bill York",
="48503","Cruzan Strawberry","219",".75L","70","Beam Suntory","210","Bill York",
="48538","Montego Bay - Gold","161","1.75L","84","McCormick Distilling Co.","168","Donavan Campbell",
="48550","Montego Bay - Light","257","1.75L","84","McCormick Distilling Co.","280","Donavan Campbell",
="48551","Montego Bay - Light","153",".75L","70","McCormick Distilling Co.","210","Donavan Campbell",
="48560","Novo Fogo Silver Cachaca","211",".75L","105","Sazerac/ 375 Park Ave Spirits","315","Nick Pourasef",
="48661","Ron Pablo","170",".75L","70","Montebello Brands","280","Donavan Campbell",
="48682","Sugarlands Hazelnut Rum","304",".75L","100","Sugarlands Distilling","420","Nick Pourasef",
="49006","Flor De Cana Gran Reserve 7Y","0",".75L","64","MHW/ Luxury Spirits International","140","Donavan Campbell",
="49018","Flor De Cana Centenario 12Y","121",".75L","108","MHW/ Luxury Spirits International","324","Donavan Campbell",
="49095","Appleton Estate Rare Blend","198",".75L","84","Campari America","252","Barry Sessoms",
="49116","Appleton Estate Signature Reserve Blend","6",".75L","50","Campari America","150","Barry Sessoms",
="49121","Gosling's 151 Black Seal","195",".75L","70","Castle Brands","210","Nick Pourasef",
="49124","Gosling's Black Seal","145","1.75L","60","Castle Brands","200","Nick Pourasef",
="49125","Gosling's Black Seal","233",".75L","70","Castle Brands","350","Nick Pourasef",
="49145","Myers's Original Dark","16","1.75L","50","Sazerac Co.","150","Barry Sessoms",
="49146","Myers's Original Dark","0",".75L","90","Sazerac Co.","350","Barry Sessoms",
="49150","Myers's Original Dark","0",".375L","45","Sazerac Co.","162","Barry Sessoms",
="49156","Wray & Nephew White Overproof","35",".75L","52","Campari America","234","Barry Sessoms",
="49187","Brugal 1888","56",".75L","100","Edrington Americas","300","Lauren Wiseman",
="49190","Brugal Anejo","190",".75L","70","Edrington Americas","210","Lauren Wiseman",
="49198","Mt. Gay Black Barrel","87",".75L","100","Remy Cointreau USA","140","Lauren Wiseman",
="49200","Mt. Gay Eclipse","171","1.75L","60","Remy Cointreau USA","240","Lauren Wiseman",
="49201","Mt. Gay Eclipse","160",".75L","65","Remy Cointreau USA","208","Lauren Wiseman",
="49210","Rhum Barbancourt Resv Special 5 Star","112",".75L","56","MHW/ Crillon Importers","168","Donavan Campbell",
="49216","Sailor Jerry Spiced Navy","39","1.75L","60","William Grant & Sons","360","Donavan Campbell",
="49217","Sailor Jerry Spiced Navy","273",".75L","70","William Grant & Sons","490","Donavan Campbell",
="49218","Sailor Jerry Spiced Navy","208",".375L","60","William Grant & Sons","210","Donavan Campbell",
="49226","Admiral Nelson's Spiced 70","728","1.75L","75","Heaven Hill","675","Nick Pourasef",
="49227","Admiral Nelson's Spiced 70","292",".75L","70","Heaven Hill","350","Nick Pourasef",
="49228","Capt. Morgan Private Stock","0","1.75L","60","Diageo NA","540","Garrett Miller",
="49229","Capt. Morgan Private Stock","162",".75L","48","Diageo NA","288","Garrett Miller",
="49230","Capt. Morgan Spiced 70 PET","15","1.75L","80","Diageo NA","320","Garrett Miller",
="49232","Capt. Morgan Spiced 70","1623",".75L","70","Diageo NA","2800","Garrett Miller",
="49233","Capt. Morgan Spiced 70 Lt Wt Flsk","148",".75L","90","Diageo NA","810","Garrett Miller",
="49234","Capt. Morgan Spiced 70","261",".375L","84","Diageo NA","504","Garrett Miller",
="49241","Capt. Morgan Spiced 100","5",".75L","70","Diageo NA","300","Garrett Miller",
="49244","Parrot Bay Coconut 90P","215",".75L","90","Sazerac Co.","350","Barry Sessoms",
="49249","Barbarossa Spiced","276","1.75L","75","Sazerac Co.","350","Rick Henry",
="49250","Barbarossa Spiced","165",".75L","56","Sazerac Co.","168","Rick Henry",
="49252","Admiral Nelson's Spiced Cherry","135",".75L","70","Heaven Hill","140","Nick Pourasef",
="49253","Admiral Nelson's Coconut","181",".75L","70","Heaven Hill","140","Nick Pourasef",
="49255","Admiral Nelson Coconut  Rum","387","1.75L","75","Heaven Hill","225","Nick Pourasef",
="49297","Parrot Bay Variety Party Bucket","174","1.00L","24","Sazerac Co.","72","Barry Sessoms",
="49298","Parrot Bay Coconut PET","188",".75L","90","Sazerac Co.","225","Barry Sessoms",
="49299","Parrot Bay Coconut","229","1.75L","75","Sazerac Co.","150","Barry Sessoms",
="49303","Parrot Bay Pineapple PET","152",".75L","90","Sazerac Co.","140","Barry Sessoms",
="49307","Capt. Morgan Sliced Apple","98",".75L","70","Diageo NA","910","Garrett Miller",
="49314","Malibu Watermelon","195",".75L","60","Pernod Ricard USA","360","Jack Wooten",
="49315","Malibu Coconut","269","1.75L","80","Pernod Ricard USA","1360","Jack Wooten",
="49316","Malibu Coconut","969",".75L","60","Pernod Ricard USA","2040","Jack Wooten",
="49317","Malibu Coconut  (PET)","122",".75L","75","Pernod Ricard USA","300","Jack Wooten",
="49318","Malibu Coconut","0",".375L","84","Pernod Ricard USA","336","Jack Wooten",
="49321","Malibu Peach","0",".75L","60","Pernod Ricard USA","180","Jack Wooten",
="49326","Malibu Strawberry","188",".75L","60","Pernod Ricard USA","180","Jack Wooten",
="49342","Capt. Morgan White Rum","155",".75L","70","Diageo NA","375","Garrett Miller",
="49345","Capt. Morgan White Coconut","38",".75L","70","Diageo NA","210","Garrett Miller",
="49349","Capt. Morgan White Pineapple","89",".75L","70","Diageo NA","210","Garrett Miller",
="49360","Malibu Black","142","1.75L","80","Pernod Ricard USA","240","Jack Wooten",
="49361","Malibu Black","213",".75L","60","Pernod Ricard USA","240","Jack Wooten",
="49364","Malibu Mango","251",".75L","60","Pernod Ricard USA","240","Jack Wooten",
="49368","Malibu Pineapple","256","1.75L","80","Pernod Ricard USA","240","Jack Wooten",
="49369","Malibu Pineapple","155",".75L","60","Pernod Ricard USA","420","Jack Wooten",
="49374","Malibu Passion Fruit","119",".75L","60","Pernod Ricard USA","180","Jack Wooten",
="49500","Christian Brothers Frost White","158","1.75L","52","Heaven Hill","208","Nick Pourasef",
="49501","Christian Brothers Frost White","245",".75L","50","Heaven Hill","300","Nick Pourasef",
="49502","Christian Brothers Frost White","354",".375L","48","Heaven Hill","240","Nick Pourasef",
="49505","Christian Brothers TRV","215",".75L","90","Heaven Hill","180","Nick Pourasef",
="49506","Christian Brothers","318","1.75L","52","Heaven Hill","1040","Nick Pourasef",
="49508","Christian Brothers","805",".75L","50","Heaven Hill","900","Nick Pourasef",
="49512","Christian Brothers","371",".375L","48","Heaven Hill","672","Nick Pourasef",
="49527","Christian Brothers Grand Reserve VSOP","189","1.75L","60","Heaven Hill","180","Nick Pourasef",
="49528","Christian Brothers Grand Reserve VSOP","0",".75L","55","Heaven Hill","165","Nick Pourasef",
="49579","E & J","1005","1.75L","40","E & J Gallo Winery","1320","Donavan Campbell",
="49580","E & J","974",".75L","40","E & J Gallo Winery","960","Donavan Campbell",
="49583","E & J","1069",".375L","54","E & J Gallo Winery","1350","Donavan Campbell",
="49585","E & J VSOP","368","1.75L","45","E & J Gallo Winery","576","Donavan Campbell",
="49587","E & J VSOP","698",".75L","50","E & J Gallo Winery","1000","Donavan Campbell",
="49588","E & J VSOP","866",".375L","54","E & J Gallo Winery","1188","Donavan Campbell",
="49589","E & J XO Vintage Reserve","90","1.75L","40","E & J Gallo Winery","160","Donavan Campbell",
="49590","E & J XO Vintage Reserve","184",".75L","32","E & J Gallo Winery","320","Donavan Campbell",
="49594","E & J VS Traveler","213",".75L","60","E & J Gallo Winery","300","Donavan Campbell",
="49654","Korbel","213",".75L","70","Brown - Forman","210","Lauren Wiseman",
="49703","Paul Masson Grande Amber VSOP","462","1.75L","60","Sazerac Co.","360","Rick Henry",
="49705","Paul Masson Grande Amber VSOP","462",".75L","48","Sazerac Co.","672","Rick Henry",
="49706","Paul Masson Grande Amber VSOP","477",".375L","60","Sazerac Co.","600","Rick Henry",
="49712","Paul Masson Grande Amber","785","1.75L","60","Sazerac Co.","1200","Rick Henry",
="49714","Paul Masson Grande Amber","787",".75L","60","Sazerac Co.","1260","Rick Henry",
="49715","Paul Masson Grande Amber (PET)","84",".75L","90","Sazerac Co.","360","Rick Henry",
="49716","Paul Masson Grande Amber","1266",".375L","60","Sazerac Co.","1920","Rick Henry",
="50419","Capt. Applejack 80","48",".75L","70","Laird & Company","140","Donavan Campbell",
="50464","Ciroc VS","403",".75L","55","Diageo NA","770","Garrett Miller",
="50465","Ciroc VS","164",".375L","108","Diageo NA","648","Garrett Miller",
="50531","Kvint Surprise XO","75",".75L","65","Deluxe Wine & Spirits","195","Alina Vinocurova",
="50534","Torres 10 Imperial Brandy","196",".75L","100","Infinium Spirits","300","Lauren Wiseman",
="50566","St Remy Signature","49",".75L","100","Remy Cointreau USA","300","Lauren Wiseman",
="50567","St. Remy VSOP","113","1.75L","65","Remy Cointreau USA","130","Lauren Wiseman",
="50568","St. Remy VSOP","118",".75L","40","Remy Cointreau USA","200","Lauren Wiseman",
="50572","St Remy XO","54",".75L","42","Remy Cointreau USA","84","Lauren Wiseman",
="50613","Calvados Christian Drouin","68",".75L","32","Hotaling & Co.","64","Barry Sessoms",
="50621","Maraska Slivovitz","0",".75L","108","Worldwide Libations","324","Robert Ageenko",
="51020","Revanche Cognac","123",".75L","120","International Spirits & Wines","300","Bill York",
="51040","Meukow VS","268",".75L","42","Sazerac Co.","252","Rick Henry",
="51041","Meukow VS","277",".375L","108","Sazerac Co.","324","Rick Henry",
="51055","Ansac VS","141","1.75L","50","Heaven Hill","150","Nick Pourasef",
="51056","Ansac VS","80",".75L","60","Heaven Hill","120","Nick Pourasef",
="51058","Ansac VS","171",".375L","100","Heaven Hill","200","Nick Pourasef",
="51089","Davidoff Cognac VSOP","185",".75L","55","Associated Brewing","165","Jason Lemansky",
="51151","Courvoisier XO","52",".75L","112","Beam Suntory","0","Bill York",
="51154","Courvoisier VS","82","1.75L","45","Beam Suntory","90","Bill York",
="51156","Courvoisier VS","314",".75L","49","Beam Suntory","392","Bill York",
="51159","Courvoisier VS","1786",".375L","96","Beam Suntory","1920","Bill York",
="51169","Courvoisier VSOP","145",".75L","40","Beam Suntory","165","Bill York",
="51170","Courvoisier VSOP","260",".375L","84","Beam Suntory","168","Bill York",
="51184","Gautier VS Cognac","155",".75L","40","Sazerac/ 375 Park Ave Spirits","120","Barry Sessoms",
="51215","D'Usse VSOP","1328",".375L","64","Bacardi USA","1536","Barry Sessoms",
="51216","D'Usse VSOP","1911",".75L","84","Bacardi USA","1512","Barry Sessoms",
="51217","Hennessy VSOP Privilege","28","1.75L","40","Moet Hennessy","160","Garrett Miller",
="51218","Hennessy VSOP Privilege","174",".75L","40","Moet Hennessy","240","Garrett Miller",
="51219","Hennessy VSOP Privilege","186",".375L","102","Moet Hennessy","408","Garrett Miller",
="51220","Hennessy VS","379","1.75L","36","Moet Hennessy","468","Garrett Miller",
="51221","Hennessy VS","1886",".75L","40","Moet Hennessy","4320","Garrett Miller",
="51222","Hennessy VS (Round Bottle)","1032",".375L","66","Moet Hennessy","1188","Garrett Miller",
="51223","Hennessy VS","2199",".375L","119","Moet Hennessy","5117","Garrett Miller",
="51224","Hennessy VSOP Privilege (Round)","132",".375L","77","Moet Hennessy","308","Garrett Miller",
="51226","Hennessy XO","41",".75L","56","Moet Hennessy","56","Garrett Miller",
="51230","Hennessy Richard","0",".75L","1","Moet Hennessy","4","Garrett Miller",
="51270","Martell VS Single Distillery","174",".75L","77","Pernod Ricard USA","231","Jack Wooten",
="51272","Martell VS Single Distillery","391",".375L","108","Pernod Ricard USA","336","Jack Wooten",
="51303","Remy Martin XO Excellence","84",".75L","80","Remy Cointreau USA","126","Lauren Wiseman",
="51307","Remy Martin Louis XIII","3",".75L","5","Remy Cointreau USA","4","Lauren Wiseman",
="51309","Remy Martin 1738 Accord Royal","367",".75L","56","Remy Cointreau USA","504","Lauren Wiseman",
="51310","Remy Martin 1738 Accord Royal","170",".375L","42","Remy Cointreau USA","252","Lauren Wiseman",
="51311","Remy Martin VSOP","36","1.75L","36","Remy Cointreau USA","72","Lauren Wiseman",
="51312","Remy Martin VSOP","274",".75L","50","Remy Cointreau USA","400","Lauren Wiseman",
="51316","Remy Martin VSOP","273",".375L","90","Remy Cointreau USA","450","Lauren Wiseman",
="51433","Villon VSOP Cognac","225",".75L","92","Sovereign Brands","276","Donavan Campbell",
="51447","NC Lonerider Whiskey Mule Can 4Pk","96","1.42L","72","Lonerider Spirits","288","Christopher Mielke",
="51467","Jack Daniel's & Coke Zero","0","1.42L","80","Brown - Forman","240","Lauren Wiseman",
="51468","Jack Daniel's & Coca-Cola 4Pk","867","1.42L","80","Brown - Forman","240","Lauren Wiseman",
="51469","Jack Daniel's TN Honey Lemonade 4Pk","298","1.42L","80","Brown - Forman","240","Lauren Wiseman",
="51482","Jose Cuervo Golden Strawberry Margarita","438","1.75L","60","Proximo Spirits","480","Lauren Wiseman",
="51483","Jose Cuervo Auth Classic Strawberry Marg","254","1.75L","60","Proximo Spirits","180","Lauren Wiseman",
="51485","Jose Cuervo Auth Coconut Pineapple Marg","341","1.75L","75","Proximo Spirits","375","Lauren Wiseman",
="51486","Jose Cuervo Authentic Watermelon Marg","515","1.75L","75","Proximo Spirits","525","Lauren Wiseman",
="51488","Jose Cuervo Authentic Pink Lemonade","496","1.75L","75","Proximo Spirits","525","Lauren Wiseman",
="51489","Jose Cuervo Auth Grapefruit Tangerine","349","1.75L","75","Proximo Spirits","300","Lauren Wiseman",
="51491","Jose Cuervo Golden Marg","658","1.75L","60","Proximo Spirits","720","Lauren Wiseman",
="51492","Jose Cuervo Golden Marg","231",".75L","70","Proximo Spirits","280","Lauren Wiseman",
="51495","Jose Cuervo Authentic Lime Marg","1153","1.75L","75","Proximo Spirits","1200","Lauren Wiseman",
="51496","Jose Cuervo Authentic Lime Marg","232",".75L","75","Proximo Spirits","300","Lauren Wiseman",
="51498","Jose Cuervo Authentic Lime Marg","442","200ML","144","Proximo Spirits","720","Lauren Wiseman",
="51499","Jose Cuervo Authentic Mango Marg","377","1.75L","75","Proximo Spirits","450","Lauren Wiseman",
="51500","Jose Cuervo Auth Marg Light White Peach","221","1.75L","75","Proximo Spirits","300","Lauren Wiseman",
="51502","Jose Cuervo Authentic Light Margarita","276","1.75L","75","Proximo Spirits","300","Lauren Wiseman",
="51510","Skinnygirl Margarita","0",".75L","60","Beam Suntory","300","Bill York",
="51512","Skinnygirl White Peach Margarita","0",".75L","60","Beam Suntory","120","Bill York",
="51518","1800 Blood Orange RTD PET","258","1.75L","52","Proximo Spirits","156","Lauren Wiseman",
="51519","1800 RTD Ultimate Marg PET","944","1.75L","52","Proximo Spirits","988","Lauren Wiseman",
="51520","1800 Black Cherry Ultimate Margarita","447","1.75L","36","Proximo Spirits","265","Lauren Wiseman",
="51521","1800 RTD Pineapple PET","354","1.75L","52","Proximo Spirits","156","Lauren Wiseman",
="51523","1800 Ultimate RTD Mango Margarita PET","233","1.75L","52","Proximo Spirits","156","Lauren Wiseman",
="51524","1800 Passion Fruit Margarita RTD","205","1.75L","52","Proximo Spirits","156","Lauren Wiseman",
="51526","Jose Cuervo Authentic Strawberry Lime","505","200ML","180","Proximo Spirits","720","Lauren Wiseman",
="51527","1800 Ultimate RTD Peach","274","1.75L","52","Proximo Spirits","208","Lauren Wiseman",
="51529","1800 Ultimate Raspberry RTD (PET)","154","1.75L","52","Proximo Spirits","156","Lauren Wiseman",
="51530","1800 Watermelon RTD PET","588","1.75L","52","Proximo Spirits","208","Lauren Wiseman",
="51531","1800 Ultimate Strawberry Margarita RTD","128","1.75L","52","Proximo Spirits","156","Lauren Wiseman",
="51571","High Noon Variety 12pk","1112","4.26L","104","E & J Gallo Winery","1456","Donavan Campbell",
="51572","High Noon Passion Fruit 4Pk","532","1.42L","104","E & J Gallo Winery","312","Donavan Campbell",
="51573","High Noon Mango 4Pk","1044","1.42L","104","E & J Gallo Winery","1040","Donavan Campbell",
="51574","High Noon Variety 8Pk","1172","2.84L","104","E & J Gallo Winery","2080","Donavan Campbell",
="51576","High Noon Lime 4Pk","446","1.42L","104","E & J Gallo Winery","1144","Donavan Campbell",
="51577","High Noon Peach 4Pk","229","1.42L","104","E & J Gallo Winery","1144","Donavan Campbell",
="51578","High Noon Black Cherry 4Pk","520","1.42L","104","E & J Gallo Winery","1144","Donavan Campbell",
="51579","High Noon Grapefruit 4Pk","1050","1.42L","104","E & J Gallo Winery","1144","Donavan Campbell",
="51580","High Noon Watermelon 4Pk","570","1.42L","104","E & J Gallo Winery","1144","Donavan Campbell",
="51581","High Noon Pineapple 4Pk","856","1.42L","104","E & J Gallo Winery","1456","Donavan Campbell",
="51582","High Noon Tequila Variety 8pk","2776","2.84L","104","E & J Gallo Winery","312","Donavan Campbell",
="51594","High Noon Tropical Variety 8Pk","1388","2.84L","104","E & J Gallo Winery","312","Donavan Campbell",
="51597","Bacardi Rum Punch 4Pk","60","1.42L","117","Bacardi USA","351","Barry Sessoms",
="51607","Kahlua RTD White Russian","0","1.75L","80","Pernod Ricard USA","240","Jack Wooten",
="51614","Absolut RTD Variety 8Pk","294","2.84L","104","Pernod Ricard USA","312","Jack Wooten",
="51621","Kahlua RTD Mudslide","233","1.75L","80","Pernod Ricard USA","240","Jack Wooten",
="51631","Cutwater Margarita Variety 12Pk","0","2.4L","160","Sazerac Co.","480","Donavan Campbell",
="51634","Kinky Aloha Breeze RTD","148","1.75L","75","Associated Brewing","225","Jason Lemansky",
="51635","Kinky Patio Punch RTD","158","1.75L","75","Associated Brewing","225","Jason Lemansky",
="51636","Kinky Margarita RTD","178","1.75L","75","Associated Brewing","225","Jason Lemansky",
="51654","Bacardi Island Punch RTS","51","1.75L","60","Bacardi USA","180","Barry Sessoms",
="51672","Deep Eddy Tea Variety 6Pk RTD","0","2.13L","104","Heaven Hill","312","Nick Pourasef",
="51673","Deep Eddy Original Variety 6Pk RTD","0","2.13L","104","Heaven Hill","312","Nick Pourasef",
="51674","Deep Eddy Lemon Vodka RTD Seltzer","511","1.42L","91","Heaven Hill","910","Nick Pourasef",
="51675","Deep Eddy Ruby Red Vodka & Soda 4Pk","666","1.42L","91","Heaven Hill","910","Nick Pourasef",
="51676","Deep Eddy Lime RTD 4Pk","270","1.42L","91","Heaven Hill","273","Nick Pourasef",
="51748","Crown Royal Peach Tea RTD 4Pk","45","1.42L","81","Diageo NA","1134","Garrett Miller",
="51749","Crown Royal Whisky & Cola RTD 4Pk","133","1.42L","81","Diageo NA","1134","Garrett Miller",
="51750","Crown Royal Washington Apple RTD 4Pk","166","1.42L","81","Diageo NA","1089","Garrett Miller",
="51751","Crown Royal Whisky Lemonade RTD 4Pk","184","1.42L","99","Diageo NA","297","Garrett Miller",
="51757","Ole Smoky Blackberry Lemonade 4Pk","45","1.42L","90","Ole Smoky Distillery","270","Barry Sessoms",
="51762","Jameson Lemonade RTD 4Pk","265","1.42L","104","Pernod Ricard USA","312","Jack Wooten",
="51763","Jameson Ginger & Lime RTD 4Pk","586","1.42L","104","Pernod Ricard USA","312","Jack Wooten",
="51768","Barton Long Island Iced Tea","299","1.75L","75","Sazerac Co.","225","Rick Henry",
="51769","Barton Long Island Iced Tea","238",".75L","70","Sazerac Co.","350","Rick Henry",
="51775","Desert Island Long Island Iced Tea","202","1.75L","75","Sazerac Co.","225","Rick Henry",
="51776","Desert Island Long Island Iced Tea","159",".75L","70","Sazerac Co.","280","Rick Henry",
="51785","The Copper Can Moscow Mule 4Pk","230","1.42L","100","The Copper Can","400","Edgar Vardanian",
="51795","Montebello Long Island Iced Tea","214","1.75L","60","Montebello Brands","360","Donavan Campbell",
="51796","Montebello Long Island Iced Tea","132",".75L","70","Montebello Brands","210","Donavan Campbell",
="51802","Capt. Morgan Long Island Iced Tea","25","1.75L","75","Diageo NA","240","Garrett Miller",
="51811","Loyal 9 Lemonade & Iced Tea 4Pk","124","1.42L","104","Diageo NA","312","Garrett Miller",
="51812","Loyal 9 Lemonade 4Pk","157","1.42L","104","Diageo NA","312","Garrett Miller",
="51813","Loyal 9 Mixed Berry Lemonade 4Pk","20","1.42L","104","Diageo NA","312","Garrett Miller",
="51814","Loyal 9 Watermelon Lemonade 4Pk","155","1.42L","104","Diageo NA","312","Garrett Miller",
="51831","On The Rocks Basil Hayden Dark Rye Manhattan","322",".375L","105","Beam Suntory","315","Bill York",
="51832","On The Rocks Espresso Martini","386",".375L","105","Beam Suntory","315","Bill York",
="51833","On The Rocks 3G Jalapeno Pineapple Margarita","199",".375L","70","Beam Suntory","315","Bill York",
="51834","On The Rocks Cocktails Larios Aviation","0",".375L","70","Beam Suntory","210","Bill York",
="51835","On The Rocks Knob Creek Old Fashioned","300",".375L","70","Beam Suntory","315","Bill York",
="51836","On The Rocks Hornitos Margarita","236",".375L","70","Beam Suntory","315","Bill York",
="51837","On The Rocks Effen Cosmopolitan","0",".375L","70","Beam Suntory","315","Bill York",
="51843","On The Rocks Cruzan Mai Tai","197",".375L","70","Beam Suntory","210","Bill York",
="51857","On the Rocks Effen Cosmopolitan","0",".75L","100","Beam Suntory","300","Bill York",
="51858","On the Rocks Hornitos Margarita","0",".75L","100","Beam Suntory","300","Bill York",
="51859","On the Rocks Knob Creek Old Fashioned","0",".75L","100","Beam Suntory","300","Bill York",
="51870","High Noon Peach","0","700ML","102","E & J Gallo Winery","306","Donavan Campbell",
="51871","High Noon Pineapple","0","700ML","102","E & J Gallo Winery","306","Donavan Campbell",
="51897","Bacardi Bahama Mama","170","1.75L","60","Bacardi USA","240","Barry Sessoms",
="51901","Bacardi Hurricane","123","1.75L","60","Bacardi USA","180","Barry Sessoms",
="51909","Bacardi Zombie","135","1.75L","60","Bacardi USA","180","Barry Sessoms",
="51925","Bacardi Classic Cocktails Rum Punch","16","1.75L","60","Bacardi USA","225","Barry Sessoms",
="51926","Malibu Rum Punch Cocktail","351","1.75L","60","Pernod Ricard USA","300","Jack Wooten",
="51927","Malibu Pina Colada RTD 4Pk","379","1.42L","104","Pernod Ricard USA","312","Jack Wooten",
="51928","Malibu Peach Rum Punch RTD 4Pk","380","1.42L","104","Pernod Ricard USA","312","Jack Wooten",
="51941","Malibu Blue Hawaiian Cocktail","73","1.75L","60","Pernod Ricard USA","180","Jack Wooten",
="51955","Pama Pomegranate RTD 4Pk","280","1.42L","104","Heaven Hill","312","Nick Pourasef",
="51956","Pama Variety Pack RTD 6Pk","377","2.13L","104","Heaven Hill","312","Nick Pourasef",
="52009","Bulleit Manhattan Cocktail","147",".375L","105","Diageo NA","315","Garrett Miller",
="52010","Bulleit Manhattan Cocktail","15",".75L","60","Diageo NA","180","Garrett Miller",
="52011","Bulleit Old Fashioned Cocktail","23",".75L","60","Diageo NA","180","Garrett Miller",
="52012","Bulleit Old Fashioned Cocktail","118",".375L","105","Diageo NA","315","Garrett Miller",
="52028","Chi Chi's White Russian","83","1.75L","75","Sazerac Co.","225","Rick Henry",
="52034","Chi Chi's Long Island Iced Tea","140","1.75L","75","Sazerac Co.","225","Rick Henry",
="52048","Ciroc Vodka Spritz Watermelon Kiwi 4Pk","103","1.42L","104","Diageo NA","312","Garrett Miller",
="52049","Ciroc Vodka Spritz Sunset Citrus 4Pk","0","1.42L","104","Diageo NA","312","Garrett Miller",
="52055","Fresca Mixed Tequila Paloma 4Pk","238","1.42L","104","Constellation Brands","312","Bill York",
="52056","Fresca Mixed Vodka Spritz 4Pk","252","1.42L","104","Constellation Brands","312","Bill York",
="52057","Fresca Mixed Variety 8pk","0","2.84L","104","Constellation Brands","312","Bill York",
="52060","Grey Goose Classic Martini Cocktail","0",".75L","112","Bacardi USA","336","Barry Sessoms",
="52064","Heublein 1792 Manhattan","118",".375L","102","Sazerac Co.","306","Barry Sessoms",
="52065","Heublein 1792 Old Fashioned","0",".375L","102","Sazerac Co.","306","Barry Sessoms",
="52090","Mom Water Variety 8Pk","83","2.84L","104","Mom Water","416","Donavan Campbell",
="52100","Chi Chi's Pina Colada","407","1.75L","75","Sazerac Co.","375","Rick Henry",
="52105","Chi Chi's Gold Marg","186","1.75L","75","Sazerac Co.","150","Rick Henry",
="52112","Chi Chi's Skinny Margarita","167","1.75L","75","Sazerac Co.","150","Rick Henry",
="52123","Chi Chi's Margarita","401","1.75L","75","Sazerac Co.","375","Rick Henry",
="52160","Mr. Boston Creamy Egg Nog","57",".75L","70","Sazerac Co.","210","Rick Henry",
="52170","Nutrl Lemonade Variety 8Pk","171","2.84L","90","Sazerac Co.","270","Donavan Campbell",
="52260","Truly Vodka Soda Twist of Flavor 8pk","0","2.84L","104","The Boston Beer Company","312","Bill York",
="52325","Ice Box Mudslide","171","1.75L","70","Sazerac Co.","210","Rick Henry",
="52380","Vita Coco Lime Mojito RTD 4Pk","119","1.42L","104","Diageo NA","312","Garrett Miller",
="52381","Vita Coco Pina Colada RTD 4Pk","113","1.42L","104","Diageo NA","312","Garrett Miller",
="52382","Vita Coco Strawberry Daiquiri RTD 4Pk","112","1.42L","104","Diageo NA","312","Garrett Miller",
="54209","Paul Masson Apple Grande Amber","0",".375L","60","Sazerac Co.","180","Rick Henry",
="54346","Mr. Boston Apricot Brandy","210",".75L","70","Sazerac Co.","140","Rick Henry",
="54395","Christian Brothers Apple","396",".75L","50","Heaven Hill","300","Nick Pourasef",
="54398","Christian Brothers Honey","169",".75L","50","Heaven Hill","200","Nick Pourasef",
="54401","Christian Brothers Peach","202",".75L","50","Heaven Hill","250","Nick Pourasef",
="54406","E & J Apple Brandy","131","1.75L","45","E & J Gallo Winery","180","Donavan Campbell",
="54407","E & J Apple Brandy","540",".75L","50","E & J Gallo Winery","650","Donavan Campbell",
="54408","E & J Apple Brandy","189",".375L","54","E & J Gallo Winery","216","Donavan Campbell",
="54410","E & J Peach Brandy","126",".75L","50","E & J Gallo Winery","200","Donavan Campbell",
="54413","E & J Vanilla Brandy","264",".75L","50","E & J Gallo Winery","200","Donavan Campbell",
="54488","Paul Masson Mango Grande Amber","178",".75L","48","Sazerac Co.","192","Rick Henry",
="54489","Paul Masson Mango Grande Amber","216",".375L","60","Sazerac Co.","240","Rick Henry",
="54491","Paul Masson Peach Grande Amber","923",".75L","48","Sazerac Co.","1344","Rick Henry",
="54492","Paul Masson Peach Grande Amber","617",".375L","60","Sazerac Co.","600","Rick Henry",
="54494","Paul Masson Red Berry Grande Amber","249",".75L","48","Sazerac Co.","384","Rick Henry",
="54497","Paul Masson Pineapple Grande Amber","209",".75L","48","Sazerac Co.","192","Rick Henry",
="54872","Mr. Boston Blackberry Brandy","221",".75L","70","Sazerac Co.","210","Rick Henry",
="56796","Ole Smoky Moonshine Pickles","257",".75L","154","Ole Smoky Distillery","462","Barry Sessoms",
="56799","Ole Smoky TN Moonshine Butter Pecan","299",".75L","154","Ole Smoky Distillery","462","Barry Sessoms",
="56803","Ole Smoky TN Moonshine Blue Flame","366",".75L","154","Ole Smoky Distillery","462","Barry Sessoms",
="56807","Ole Smoky Mountain Java","401",".75L","154","Ole Smoky Distillery","462","Barry Sessoms",
="56808","Ole Smoky Sour Razzinberry","342",".75L","154","Ole Smoky Distillery","462","Barry Sessoms",
="56809","Ole Smoky TN Moonshine Blackberry","17",".75L","154","Ole Smoky Distillery","462","Barry Sessoms",
="56810","Ole Smoky TN Moonshine Apple Pie","228",".75L","154","Ole Smoky Distillery","462","Barry Sessoms",
="56811","Ole Smoky TN Moonshine Cherries","79",".75L","154","Ole Smoky Distillery","462","Barry Sessoms",
="56812","Ole Smoky TN Moonshine White Lightnin","0",".75L","154","Ole Smoky Distillery","462","Barry Sessoms",
="56814","Pama Pomegranate","0",".75L","100","Heaven Hill","300","Nick Pourasef",
="56818","Ole Smoky Hunch Punch Moonshine","14",".75L","154","Ole Smoky Distillery","462","Barry Sessoms",
="56855","Kinky Green","78",".75L","112","Associated Brewing","184","Jason Lemansky",
="56858","Kinky Red","254",".75L","112","Associated Brewing","336","Jason Lemansky",
="56865","Kinky Aloha Liqueur","218",".75L","112","Associated Brewing","336","Jason Lemansky",
="56867","Kinky Blue Liqueur","171",".75L","112","Associated Brewing","336","Jason Lemansky",
="56868","Kinky Blue Liqueur","146",".375L","88","Associated Brewing","176","Jason Lemansky",
="56873","Kinky Fruit Punch","223",".75L","112","Associated Brewing","336","Jason Lemansky",
="56875","Kinky Pink Liqueur","308",".75L","112","Associated Brewing","336","Jason Lemansky",
="56876","Kinky Pink Liqueur","163",".375L","88","Associated Brewing","176","Jason Lemansky",
="56878","Twenty Grand Gold","291",".75L","90","Western Spirits Bev Co.","360","Donavan Campbell",
="56883","Twenty Grand Peach","225",".75L","90","Western Spirits Bev Co.","270","Donavan Campbell",
="56884","Twenty Grand","167",".375L","156","Western Spirits Bev Co.","312","Donavan Campbell",
="56895","Stirrings Triple Sec","101",".75L","60","Sazerac Co.","180","Rick Henry",
="56938","Fabrizia Limoncello","102",".75L","116","Fabrizia Spirits","232","Barry Sessoms",
="56955","Grind Espresso Shot","81",".75L","70","Sazerac Co.","165","Barry Sessoms",
="57009","St. Elder Elderflower Liqueur","237",".75L","70","M. S. Walker","210","Nick Pourasef",
="57017","Sugarlands Banana Pudding Sippin' Cream","138",".75L","140","Sugarlands Distilling","420","Nick Pourasef",
="57018","Sugarlands Butter Pecan Sippin' Cream","65",".75L","140","Sugarlands Distilling","420","Nick Pourasef",
="57019","Sugarlands Dark Chocolate Coffee Sippin' Cream","365",".75L","100","Sugarlands Distilling","420","Nick Pourasef",
="57027","Chila Orchata","96",".75L","70","Sazerac Co.","140","Rick Henry",
="57038","ChocoLat Triple Chocolate Liqueur","230",".75L","70","M. S. Walker","210","Nick Pourasef",
="57039","ChocoLat Salted Caramel Chocolate Liqueur","230",".75L","70","M. S. Walker","210","Nick Pourasef",
="57200","Jackson Morgan Banana Pudding","207",".75L","95","Spirits of Tennessee","285","Jason Lemansky",
="57799","99 Bananas","190",".75L","75","Sazerac Co.","225","Rick Henry",
="57806","99 Apples","157",".75L","75","Sazerac Co.","150","Rick Henry",
="58063","Melone Melon","0",".75L","70","Heaven Hill","420","Nick Pourasef",
="58259","Amarito Amaretto","237",".75L","66","Heaven Hill","264","Nick Pourasef",
="58287","Arrow Amaretto","47",".75L","70","Luxco","210","Donavan Campbell",
="58320","DeKuyper Amaretto","33",".75L","50","Beam Suntory","150","Bill York",
="58472","Amaretto Di Amore Classico","189","1.75L","75","Sazerac Co.","150","Rick Henry",
="58473","Amaretto Di Amore Classico","236",".75L","54","Sazerac Co.","378","Rick Henry",
="59412","Arrow Creme De Cacao - Brown","0",".75L","70","Luxco","210","Donavan Campbell",
="59467","DeKuyper Creme De Cacao-Dark","28",".75L","50","Beam Suntory","150","Bill York",
="59625","Arrow Creme De Cacao - White","68",".75L","70","Luxco","110","Donavan Campbell",
="60156","Arrow Creme De Banana","70",".75L","70","Luxco","210","Donavan Campbell",
="60164","Arrow Creme De Cassis","51",".75L","70","Luxco","110","Donavan Campbell",
="60740","DeKuyper Watermelon Pucker","0",".75L","50","Beam Suntory","150","Bill York",
="60861","DeKuyper Buttershots","430",".75L","50","Beam Suntory","400","Bill York",
="60873","Mohawk Butterscotch Schnapps","249",".75L","70","Heaven Hill","210","Nick Pourasef",
="60885","Arrow Raspberry Schnapps","124",".75L","70","Luxco","210","Donavan Campbell",
="60909","DeKuyper Razzmatazz","139",".75L","50","Beam Suntory","100","Bill York",
="60969","Mr. Boston Peach Schnapps","171",".75L","70","Sazerac Co.","210","Rick Henry",
="60975","Arrow Peach Schnapps","367",".75L","70","Luxco","490","Donavan Campbell",
="60980","DeKuyper Peachtree","0","1.75L","65","Beam Suntory","260","Bill York",
="60981","DeKuyper Peachtree","340",".75L","50","Beam Suntory","600","Bill York",
="60983","DeKuyper Peachtree","213",".375L","90","Beam Suntory","270","Bill York",
="61004","Aristocrat Peach Schnapps","98","1.75L","75","Heaven Hill","225","Nick Pourasef",
="61005","Aristocrat Peach Schnapps","429",".75L","70","Heaven Hill","560","Nick Pourasef",
="61041","DeKuyper Sour Apple Pucker","268",".75L","50","Beam Suntory","450","Bill York",
="61174","Cinerator Hot Cinnamon Liqueur","437","1.75L","60","Heaven Hill","240","Nick Pourasef",
="61175","Cinerator Hot Cinnamon Liqueur","273",".75L","75","Heaven Hill","300","Nick Pourasef",
="61216","Travis Hasse Cow Pie","127",".75L","110","MHW/ Dancing Goat Distillery","330","Mark Fitlin",
="61312","Arrow Blue Curacao","104",".75L","70","Luxco","490","Donavan Campbell",
="61320","Bols Blue Curacao","165",".75L","55","MHW/ Lucas Bols","165","Lauren Wiseman",
="61332","DeKuyper Blue Curacao","174",".75L","50","Beam Suntory","350","Bill York",
="61448","Arrow Peppermint Schnapps","163",".75L","70","Luxco","220","Donavan Campbell",
="61581","Red Eye Louie's Vodquila","131",".75L","80","Park St Imp/ Red Eye Louie's Inc","320","Chris DeLauro",
="61583","Red Eye Louie's Rumquila","0",".75L","96","Park St Imp/ Red Eye Louie's Inc","288","Chris DeLauro",
="61747","Mr. Boston Rock & Rye","58",".75L","75","Sazerac Co.","225","Rick Henry",
="61775","Aristocrat Triple Sec","800",".75L","70","Heaven Hill","560","Nick Pourasef",
="61786","Arrow Triple Sec","468",".75L","70","Luxco","770","Donavan Campbell",
="61790","Bols Triple Sec","203",".75L","55","MHW/ Lucas Bols","165","Lauren Wiseman",
="61814","DeKuyper Triple Sec","0",".75L","50","Beam Suntory","900","Bill York",
="61843","HW Triple Sec","0",".75L","55","Pernod Ricard USA","440","Jack Wooten",
="61865","Juarez Triple Sec","24",".75L","70","Luxco","420","Donavan Campbell",
="61885","Mohawk Triple Sec","279",".75L","70","Heaven Hill","420","Nick Pourasef",
="61895","Montezuma Triple Sec","193",".75L","70","Sazerac Co.","420","Rick Henry",
="61949","Wild Turkey American Honey","117","1.75L","70","Campari America","120","Barry Sessoms",
="61950","Wild Turkey American Honey","531",".75L","70","Campari America","560","Barry Sessoms",
="61951","Wild Turkey American Honey","389",".375L","110","Campari America","360","Barry Sessoms",
="61954","Wild Turkey American Honey Sting","154",".75L","70","Campari America","140","Barry Sessoms",
="61970","Southern Comfort 70","272","1.75L","75","Sazerac Co.","375","Rick Henry",
="61971","Southern Comfort 70","228",".75L","70","Sazerac Co.","490","Rick Henry",
="61972","Southern Comfort 70 (PET)","90",".75L","102","Sazerac Co.","180","Rick Henry",
="61973","Southern Comfort 70","203",".375L","91","Sazerac Co.","252","Rick Henry",
="62042","Everclear PET","127","1.75L","65","Luxco","195","Donavan Campbell",
="62044","Everclear 151","258","1.75L","65","Luxco","390","Donavan Campbell",
="62045","Everclear 151","226",".75L","70","Luxco","280","Donavan Campbell",
="62047","Everclear 151 (PET)","89",".375L","60","Luxco","180","Donavan Campbell",
="62059","Buffalo Trace White Dog Mash","155",".375L","84","Sazerac Co.","168","Rick Henry",
="62201","Citronge","179",".75L","50","Bacardi USA","350","Barry Sessoms",
="62232","Averna Amaro","254",".75L","120","Campari America","360","Barry Sessoms",
="62245","Bumbu Creme","319",".75L","120","Sovereign Brands","360","Donavan Campbell",
="62249","Five Farms Irish Cream Liqueur","142",".75L","60","McCormick Distilling Co.","180","Donavan Campbell",
="62265","Lucid Absinthe Superieure","78",".75L","84","Hood River Distillers","168","Donavan Campbell",
="62267","Absente (Absinthe Refined)","66",".75L","40","MHW/ Crillon Importers","80","Donavan Campbell",
="62288","Luxardo Maraschino","132",".75L","56","Hotaling & Co.","112","Barry Sessoms",
="62297","St. Germain Elderflower Liqueur","266",".75L","105","Bacardi USA","420","Barry Sessoms",
="62298","St. Germain Elderflower Liqueur","124",".375L","102","Bacardi USA","306","Barry Sessoms",
="62300","Il Tramonto Limoncello","45",".75L","125","Associated Brewing","375","Jason Lemansky",
="62324","Aperol","719",".75L","140","Campari America","840","Barry Sessoms",
="62401","Bauchant Orange Liqueur","193",".75L","48","Palm Bay International","240","Barry Sessoms",
="62426","Amaro Montenegro","131",".75L","80","E & J Gallo Winery","320","Donavan Campbell",
="62460","Amarula Cream Liqueur","90",".75L","55","Terlato Artisan Spirits","110","Barry Sessoms",
="62540","Mozart White Chocolate Cream Liqueur","32",".75L","80","Marussia Beverages USA","240","Lauren Wiseman",
="62541","Mozart Chocolate Cream Liqueur","223",".75L","80","Marussia Beverages USA","240","Lauren Wiseman",
="62547","Maraska Nocelino Chocolate Liqueur","0",".75L","120","Worldwide Libations","360","Robert Ageenko",
="62607","Rompope Coronado Vanilla","105","1.00L","50","Hexa Partners","150","Ruben Martinez",
="62614","Shanky's Whip","22",".75L","120","Park St Imp/ Lafayette Imports","360","Nick Pourasef",
="62990","Barenjager Honey","203",".75L","60","Marussia Beverages USA","180","Lauren Wiseman",
="62993","Jagermeister","519","1.75L","36","Mast-Jagermeister US","680","Barry Sessoms",
="62994","Jagermeister","4064",".75L","48","Mast-Jagermeister US","4800","Barry Sessoms",
="62995","Jagermeister","671",".375L","40","Mast-Jagermeister US","800","Barry Sessoms",
="62999","St. Brendan's Superior Irish Cream","166","1.75L","45","Luxco","135","Donavan Campbell",
="63000","St. Brendan's Superior Irish Cream","312",".75L","56","Luxco","280","Donavan Campbell",
="63011","Benedictine DOM","8",".75L","42","Bacardi USA","72","Barry Sessoms",
="63013","B & B DOM","3",".75L","24","Bacardi USA","120","Barry Sessoms",
="63018","Bailey's Original Irish Cream","1920","1.75L","48","Diageo NA","960","Garrett Miller",
="63019","Bailey's Original Irish Cream","1208",".75L","55","Diageo NA","1650","Garrett Miller",
="63021","Bailey's Original Irish Cream","1262",".375L","85","Diageo NA","850","Garrett Miller",
="63022","Bailey's Vanilla Cinnamon","0",".75L","55","Diageo NA","110","Garrett Miller",
="63027","Bailey's Strawberries & Cream","0",".75L","55","Diageo NA","165","Garrett Miller",
="63029","RumChata","128","1.75L","60","E & J Gallo Winery","180","Donavan Campbell",
="63030","RumChata","290",".75L","50","E & J Gallo Winery","500","Donavan Campbell",
="63031","RumChata","168",".375L","85","E & J Gallo Winery","255","Donavan Campbell",
="63034","RumChata Limon","136",".75L","50","E & J Gallo Winery","150","Donavan Campbell",
="63040","Bailey's Salted Caramel","72",".75L","55","Diageo NA","275","Garrett Miller",
="63041","Baileys Espresso Creme","0",".75L","55","Diageo NA","165","Garrett Miller",
="63042","Bailey's Almande","137",".75L","50","Diageo NA","150","Garrett Miller",
="63047","Drambuie","0",".75L","50","William Grant & Sons","150","Donavan Campbell",
="63050","Hpnotiq","66","1.75L","72","Heaven Hill","216","Nick Pourasef",
="63052","Hpnotiq","1391",".75L","96","Heaven Hill","960","Nick Pourasef",
="63053","Hpnotiq","710",".375L","91","Heaven Hill","819","Nick Pourasef",
="63059","Grand Marnier Cordon Rouge","57","1.75L","42","Campari America","112","Barry Sessoms",
="63060","Grand Marnier Cordon Rouge","625",".75L","49","Campari America","637","Barry Sessoms",
="63062","Grand Marnier Cordon Rouge","193",".375L","90","Campari America","360","Barry Sessoms",
="63131","Copa De Oro Coffee","324","1.75L","75","Heaven Hill","300","Nick Pourasef",
="63132","Copa De Oro Coffee","0",".75L","60","Heaven Hill","300","Nick Pourasef",
="63145","Kamora Coffee","153","1.75L","65","USDP/ Phillips","130","Bill York",
="63147","Kamora Coffee","104",".75L","50","USDP/ Phillips","100","Bill York",
="63152","Kahlua French Vanilla","92",".75L","70","Pernod Ricard USA","140","Jack Wooten",
="63154","Kahlua Especial","9",".75L","70","Pernod Ricard USA","210","Jack Wooten",
="63156","Kahlua","441","1.75L","80","Pernod Ricard USA","640","Jack Wooten",
="63157","Kahlua","650",".75L","70","Pernod Ricard USA","1190","Jack Wooten",
="63160","Kahlua","51",".375L","45","Pernod Ricard USA","270","Jack Wooten",
="63162","Kapali Coffee","100","1.75L","80","Sazerac Co.","210","Rick Henry",
="63163","Kapali Coffee","0",".75L","56","Sazerac Co.","168","Rick Henry",
="63168","Caffe Lolita","15",".75L","65","Luxco","210","Donavan Campbell",
="63184","Sabroso Mexican Coffee","105",".75L","70","Sazerac Co.","210","Rick Henry",
="63213","Tia Maria Coffee","126",".75L","60","Disaronno International","192","Lauren Wiseman",
="63236","Carolans Salted Caramel","320",".75L","100","Heaven Hill","300","Nick Pourasef",
="63238","Carolans Finest Irish Cream","230","1.75L","40","Heaven Hill","320","Nick Pourasef",
="63240","Carolans Finest Irish Cream","252",".75L","50","Heaven Hill","450","Nick Pourasef",
="63259","Emmets Irish Cream","316",".75L","60","Diageo NA","360","Garrett Miller",
="63276","Ryan's Irish Cream","443","1.75L","55","Sazerac Co.","440","Rick Henry",
="63277","Ryan's Irish Cream","161",".75L","48","Sazerac Co.","288","Rick Henry",
="63296","Tequila Rose","33",".75L","60","McCormick Distilling Co.","240","Donavan Campbell",
="63327","Disaronno Velvet Liqueur","191",".75L","44","Disaronno International","132","Lauren Wiseman",
="63330","DiSaronno Amaretto","157","1.75L","36","Disaronno International","180","Lauren Wiseman",
="63331","DiSaronno Amaretto","576",".75L","44","Disaronno International","704","Lauren Wiseman",
="63333","DiSaronno Amaretto","317",".375L","90","Disaronno International","360","Lauren Wiseman",
="63356","Cantera Negra Cafe","129",".75L","90","Deutsch Family W & S","270","Barry Sessoms",
="63367","Alize Red Passion","0",".75L","115","Kobrand Spirits","230","Donavan Campbell",
="63371","Alize","0",".75L","115","Kobrand Spirits","230","Donavan Campbell",
="63404","Campari","283",".75L","75","Campari America","300","Barry Sessoms",
="63409","Chambord Royale","349",".75L","60","Brown - Forman","180","Lauren Wiseman",
="63411","Chambord Royale","451",".375L","88","Brown - Forman","264","Lauren Wiseman",
="63450","Gran Gala Triple Orange Liqueur","144",".75L","48","Sazerac Co.","432","Rick Henry",
="63455","Cointreau","265",".75L","50","Remy Cointreau USA","600","Lauren Wiseman",
="63458","Cointreau","40",".375L","49","Remy Cointreau USA","98","Lauren Wiseman",
="63489","Frangelico","71",".75L","48","Campari America","144","Barry Sessoms",
="63493","Frangelico","201",".375L","96","Campari America","160","Barry Sessoms",
="63544","Borghetti Espresso Liqueur","2",".75L","84","Park St Imp/ Branca USA","252","Lauren Wiseman",
="63546","Fernet Branca","262",".75L","84","Park St Imp/ Branca USA","448","Lauren Wiseman",
="63561","Pallini Limoncello","231",".75L","112","MHW/ Lucas Bols","336","Lauren Wiseman",
="63573","Caravella Limoncello","37",".75L","120","Sazerac Co.","360","Rick Henry",
="63646","Midori Melon","0",".75L","55","Beam Suntory","220","Bill York",
="63653","Nonino Quintesentia Amaro","136",".75L","128","Terlato Artisan Spirits","384","Barry Sessoms",
="63654","Nuvo Pink Sparkling Liqueur","203",".75L","56","MHW/ Lucas Bols","168","Lauren Wiseman",
="63664","Pernod","64",".75L","65","Pernod Ricard USA","130","Jack Wooten",
="63672","Pimm's Cup No. 1","56",".75L","56","Diageo NA","112","Garrett Miller",
="63701","Goldschlager Cinnamon Schnapps","289",".75L","42","Sazerac Co.","336","Barry Sessoms",
="63702","Goldschlager Cinnamon Schnapps","215",".375L","30","Sazerac Co.","300","Barry Sessoms",
="63704","Dr. McGillicuddy's Mentholmint","137",".75L","60","Sazerac Co.","180","Rick Henry",
="63713","Ice 101 Peppermint Schnapps","28",".75L","56","Sazerac Co.","168","Rick Henry",
="63718","Rumple Minze Peppermint Schnapps","55",".75L","70","Diageo NA","420","Garrett Miller",
="63732","Sambuca Di Amore","85",".75L","54","Sazerac Co.","162","Rick Henry",
="63738","Romana Sambuca","82",".75L","50","Sazerac Co.","150","Barry Sessoms",
="63805","Leblon Cachaca","99",".75L","128","Bacardi USA","224","Barry Sessoms",
="63820","Tuaca Liquore Originale","84",".75L","56","Sazerac Co.","180","Rick Henry",
="63861","Yukon Jack","64",".75L","75","Sazerac Co.","140","Barry Sessoms",
="63879","Fireball Cinnamon Whisky","1461","1.75L","60","Sazerac Co.","2400","Rick Henry",
="63880","Fireball Cinnamon Whisky","5411",".75L","60","Sazerac Co.","4800","Rick Henry",
="63881","Fireball Cinnamon Whisky","1594",".375L","77","Sazerac Co.","1232","Rick Henry",
="63882","Fireball Cinnamon Whisky Traveler","2192",".75L","75","Sazerac Co.","1875","Rick Henry",
="63883","Fireball 6Pk Carrier","446","600ML","140","Sazerac Co.","420","Rick Henry",
="63912","Pierre Ferrand Dry Curacao","376",".75L","150","Maison Ferrand USA","450","Nick Pourasef",
="63972","Harlequin Orange Liq. w/ Cognac","400",".75L","96","Heaven Hill","384","Nick Pourasef",
="63984","Domaine de Canton","160",".75L","92","Heaven Hill","276","Nick Pourasef",
="64038","Licor 43","0",".75L","50","Park St Imp/ Zamora","200","Barry Sessoms",
="64045","1921 Tequila Cream","145",".75L","78","Casa 1921","0","Mark Fitlin",
="64052","Montezuma Blue","138",".75L","70","Sazerac Co.","210","Rick Henry",
="64062","Juarez Gold DSS","23",".75L","70","Luxco","280","Donavan Campbell",
="64065","Clase Azul Reposado","0",".75L","48","Tequilas Premium","192","Barry Sessoms",
="64071","818 Anejo Tequila","0",".75L","80","MHW/ 818 Spirits","240","Barry Sessoms",
="64087","Don Julio Rosado","118",".75L","80","Diageo NA","240","Garrett Miller",
="64099","Bozal Espadin Barril Mezcal","150",".75L","88","3 Badge Beverage Corp.","264","Nick Pourasef",
="64100","Cincoro Anejo Tequila","101",".75L","54","Park St Imp/ Cinco Spirits","144","Bill York",
="64103","Margaritaville Island Lime","102",".75L","64","Sazerac Co.","192","Rick Henry",
="64127","Creyente Mezcal","88",".75L","80","Proximo Spirits","320","Lauren Wiseman",
="64130","Dr. Stoner's Hierba Loca","0",".75L","100","Blackbird Spirits","300","Jason Lemansky",
="64147","Del Maguey Mezcal Vida","126",".75L","104","Pernod Ricard USA","416","Jack Wooten",
="64211","Mezcal Union Uno","0",".75L","112","Diageo NA","336","Garrett Miller",
="64235","Hornitos Anejo Cristalino","209",".75L","50","Beam Suntory","150","Bill York",
="64243","Dos Hombres Mezcal Joven","0",".75L","80","MHW/ Dos Hombres","240","Bill York",
="64287","Los Siete Misterios Doba-Yej Mezcal","175",".75L","112","Chatham Imports","336","Nick Pourasef",
="64298","Ilegal Joven","245",".75L","120","Park St Imp/ Ilegal","240","Barry Sessoms",
="64299","Ilegal Reposado","0",".75L","120","Park St Imp/ Ilegal","0","Barry Sessoms",
="64336","Montelobos Mezcal","0",".75L","96","Campari America","150","Barry Sessoms",
="64377","21 Seeds Cucumber Jalapeno Teq","132",".75L","105","Diageo NA","315","Garrett Miller",
="64378","21 Seeds Grapefruit Hibiscus","126",".75L","105","Diageo NA","315","Garrett Miller",
="64379","21 Seeds Valencia Orange Tequila","74",".75L","105","Diageo NA","315","Garrett Miller",
="64702","Jose Cuervo Especial Silver","108","1.75L","60","Proximo Spirits","660","Lauren Wiseman",
="64703","Jose Cuervo Especial Silver","337",".75L","70","Proximo Spirits","910","Lauren Wiseman",
="64704","Jose Cuervo Especial Silver","1001",".375L","108","Proximo Spirits","1296","Lauren Wiseman",
="64706","Cazadores Blanco","177",".75L","60","Bacardi USA","168","Barry Sessoms",
="64707","Cazadores Blanco","101","1.75L","48","Bacardi USA","156","Barry Sessoms",
="64709","El Mayor Blanco","121",".75L","80","Luxco","240","Donavan Campbell",
="64712","Cabo Wabo Blanco","238",".75L","78","Campari America","234","Barry Sessoms",
="64714","Astral Tequila","147",".75L","100","Diageo NA","300","Garrett Miller",
="64722","Aristocrat Supreme Teq White","189","1.75L","75","Heaven Hill","225","Nick Pourasef",
="64724","Aristocrat Supreme Teq White","321",".75L","70","Heaven Hill","700","Nick Pourasef",
="64736","Casa Noble - Silver","324",".75L","87","Constellation Brands","360","Bill York",
="64741","Codigo 1530 Blanco","86",".75L","80","Pernod Ricard USA","240","Jack Wooten",
="64742","Codigo 1530 Rosa","220",".75L","80","Pernod Ricard USA","240","Jack Wooten",
="64744","Deleon Blanco","439",".75L","48","Diageo NA","528","Garrett Miller",
="64749","Cenote Blanco","172",".75L","100","Stoli Group USA","300","Donavan Campbell",
="64756","Cincoro Blanco Tequila","89",".75L","54","Park St Imp/ Cinco Spirits","162","Bill York",
="64758","Casamigos Blanco","2426",".75L","105","Diageo dba Casamigos","3780","Bill York",
="64759","Casamigos Blanco","528",".375L","90","Diageo dba Casamigos","360","Bill York",
="64760","Casamigos Mezcal Joven","275",".75L","105","Diageo dba Casamigos","420","Bill York",
="64761","Casamigos Blanco","1144","1.75L","104","Diageo dba Casamigos","312","Bill York",
="64769","Jose Cuervo Tradicional Reposado","499","1.75L","42","Proximo Spirits","504","Lauren Wiseman",
="64770","Jose Cuervo Tradicional Reposado","114",".75L","56","Proximo Spirits","504","Lauren Wiseman",
="64775","Jose Cuervo Tradicional Silver","43","1.75L","42","Proximo Spirits","504","Lauren Wiseman",
="64776","Jose Cuervo Tradicional Silver","290",".75L","56","Proximo Spirits","504","Lauren Wiseman",
="64779","Casa Dragones Blanco Tequila","50",".75L","60","MHW/ Casa Dragones","180","Bill York",
="64783","Cantera Negra Silver","258",".75L","65","Deutsch Family W & S","195","Barry Sessoms",
="64787","Margaritaville Silver","264",".75L","64","Sazerac Co.","256","Rick Henry",
="64788","Don Julio Blanco","164","1.75L","80","Diageo NA","240","Garrett Miller",
="64789","Don Julio 70th Anniversary","0",".75L","78","Diageo NA","234","Garrett Miller",
="64790","Don Julio Blanco","248",".75L","91","Diageo NA","1456","Garrett Miller",
="64791","Don Julio Blanco","92",".375L","90","Diageo NA","270","Garrett Miller",
="64792","Milagro Silver","176","1.75L","60","William Grant & Sons","180","Donavan Campbell",
="64793","Milagro Silver","300",".75L","120","William Grant & Sons","360","Donavan Campbell",
="64794","Milagro Silver","289",".375L","120","William Grant & Sons","360","Donavan Campbell",
="64799","Gran Coramino Cristalino Reposado","69",".75L","48","Proximo Spirits","672","Lauren Wiseman",
="64802","Lunazul Blanco El Humoso Smoked Tequila","0",".75L","110","Heaven Hill","330","Nick Pourasef",
="64804","El Jimador Blanco","680","1.75L","56","Brown - Forman","392","Lauren Wiseman",
="64805","El Jimador Blanco","634",".75L","64","Brown - Forman","640","Lauren Wiseman",
="64807","Hornitos Plata","345","1.75L","60","Beam Suntory","240","Bill York",
="64808","Hornitos Plata","393",".75L","50","Beam Suntory","275","Bill York",
="64809","Hornitos Plata","251",".375L","102","Beam Suntory","306","Bill York",
="64811","Hornitos Lime Shot","111",".75L","50","Beam Suntory","165","Bill York",
="64814","De-NADA Tequila Blanco","0",".75L","100","MHW/ DE-NADA","300","ABC",
="64817","El Toro Silver","29",".75L","75","Sazerac Co.","1050","Rick Henry",
="64824","El Tesoro Blanco","86",".75L","80","Beam Suntory","240","Bill York",
="64828","Herradura Ultra","246",".75L","80","Brown - Forman","240","Lauren Wiseman",
="64830","Herradura Silver","280",".75L","100","Brown - Forman","200","Lauren Wiseman",
="64834","Don Fulano Blanco","46",".75L","84","E & J Gallo Winery","252","Donavan Campbell",
="64837","Blue Lava","0",".75L","96","PremBev","288","Oliver Mulligan",
="64840","Avion Silver","592",".75L","78","Pernod Ricard USA","400","Jack Wooten",
="64841","Avion Silver","457",".375L","96","Pernod Ricard USA","288","Jack Wooten",
="64842","Avion Cristalino","252",".75L","48","Pernod Ricard USA","144","Jack Wooten",
="64845","Corzo Silver","27",".75L","78","Bacardi USA","234","Barry Sessoms",
="64852","Coa De Jima Silver","170",".75L","100","Sans Wine & Spirits","200","Ruben Martinez",
="64865","Corazon Blanco Tequila","0",".375L","75","Sazerac Co.","225","Rick Henry",
="64866","Corazon Blanco De Agave","21",".75L","100","Sazerac Co.","200","Rick Henry",
="64869","Dulce Vida Organic Blanco 80P","135",".75L","56","DV Spirits LLC","168","Donavan Campbell",
="64874","Dulce Vida Lime","157",".75L","56","DV Spirits LLC","168","Donavan Campbell",
="64876","Dulce Vida Pineapple Jalapeno","151",".75L","56","DV Spirits LLC","168","Donavan Campbell",
="64880","Juarez Silver","326",".75L","70","Luxco","350","Donavan Campbell",
="64886","El Berrinche Silver Certified Organic","97",".75L","60","Deluxe Wine & Spirits","180","Alina Vinocurova",
="64887","El Berrinche Rose Certified Organic","0",".75L","60","Deluxe Wine & Spirits","180","Alina Vinocurova",
="64891","Tequila Komos Anejo Cristalino","190",".75L","64","E & J Gallo Winery","192","Donavan Campbell",
="64894","Exotico Blanco","60","1.75L","54","Luxco","162","Donavan Campbell",
="64895","Exotico Blanco","201",".75L","60","Luxco","180","Donavan Campbell",
="64896","Flecha Azul Blanco Tequila","247",".75L","110","Park St Imp/ Wes Brands","330","Bill York",
="64905","Hussong's Silver Tequila","116",".75L","60","McCormick Distilling Co.","180","Donavan Campbell",
="64920","818 Blanco Tequila","159",".75L","80","MHW/ 818 Spirits","240","Barry Sessoms",
="64923","Montezuma Teq White","19","1.75L","75","Sazerac Co.","225","Rick Henry",
="64925","Montezuma Teq White","226",".75L","70","Sazerac Co.","350","Rick Henry",
="64936","Familia Camarena Silver","211","1.75L","56","E & J Gallo Winery","224","Donavan Campbell",
="64937","Familia Camarena Silver","187",".75L","48","E & J Gallo Winery","240","Donavan Campbell",
="64938","Familia Camarena Silver","49",".375L","50","E & J Gallo Winery","200","Donavan Campbell",
="64951","Olmeca Altos Plata","540","1.75L","52","Pernod Ricard USA","260","Jack Wooten",
="64952","Olmeca Altos Plata","875",".75L","80","Pernod Ricard USA","880","Jack Wooten",
="64953","Olmeca Altos Plata","945",".375L","102","Pernod Ricard USA","612","Jack Wooten",
="64957","Lobos 1707 Joven","83",".75L","80","Park St Imp/ Lobos 1707","240","Bill York",
="64962","La Gritona Reposado","0",".75L","66","T Edward Wines","198","Mark Fitlin",
="64969","Mi Campo Blanco","255",".75L","48","Constellation Brands","288","Bill York",
="64972","Mi Campo Reposado","221",".75L","48","Constellation Brands","288","Bill York",
="64984","1800 Cristalino","164",".75L","80","Proximo Spirits","320","Lauren Wiseman",
="64991","Dos Primos Blanco","7",".75L","100","Luxco","300","Donavan Campbell",
="65001","Santo Fino Blanco Tequila","245",".75L","100","Shaw-Ross International","300","Barry Sessoms",
="65005","Partida Tequila Blanco","154",".75L","96","MHW/ Lucas Bols","288","Lauren Wiseman",
="65010","Pancho Villa White","34",".75L","70","McCormick Distilling Co.","140","Donavan Campbell",
="65014","Patron Silver w/o Box","73",".75L","42","Bacardi USA","1428","Barry Sessoms",
="65016","Gran Patron Platinum","52",".75L","56","Bacardi USA","56","Barry Sessoms",
="65018","Patron Silver","906","1.75L","56","Bacardi USA","672","Barry Sessoms",
="65019","Patron Silver","4980",".75L","42","Bacardi USA","3318","Barry Sessoms",
="65020","Patron Silver","2852",".375L","70","Bacardi USA","2800","Barry Sessoms",
="65021","1800 Silver","600","1.75L","36","Proximo Spirits","1080","Lauren Wiseman",
="65022","1800 Silver","724",".75L","45","Proximo Spirits","900","Lauren Wiseman",
="65023","1800 Silver","430",".375L","65","Proximo Spirits","585","Lauren Wiseman",
="65027","1800 Coconut","417","1.75L","36","Proximo Spirits","360","Lauren Wiseman",
="65028","1800 Coconut","0",".75L","45","Proximo Spirits","450","Lauren Wiseman",
="65029","1800 Coconut","164",".375L","75","Proximo Spirits","325","Lauren Wiseman",
="65047","Lunazul Blanco","0","1.75L","56","Heaven Hill","1568","Nick Pourasef",
="65048","Lunazul Blanco","0",".75L","55","Heaven Hill","2750","Nick Pourasef",
="65049","Lunazul Blanco","1143",".375L","102","Heaven Hill","1224","Nick Pourasef",
="65057","Rey Coyote Tequila Blanco","0",".75L","40","Weldon Mills Distillery","120","Bruce Tyler",
="65074","Sauza Silver","74","1.75L","60","Beam Suntory","180","Bill York",
="65075","Sauza Silver","132",".75L","56","Beam Suntory","224","Bill York",
="65082","Tres Generaciones Plata","219",".75L","72","Beam Suntory","234","Bill York",
="65083","Tres Generaciones Cristalino","174",".75L","78","Beam Suntory","234","Bill York",
="65094","Corralejo Silver","459",".75L","93","Infinium Spirits","372","Lauren Wiseman",
="65101","Tanteo Jalapeno Tequila (6)","211",".75L","88","Park St Imp/ Tanteo","264","Barry Sessoms",
="65104","Tarantula Azul Co-Pk","126",".75L","30","McCormick Distilling Co.","150","Donavan Campbell",
="65114","Tromba Blanco","276",".75L","112","Sazerac/ 375 Park Ave Spirits","336","Nick Pourasef",
="65118","Tres Agaves Blanco","411",".75L","100","Trinchero Family Estates","500","Nick Pourasef",
="65119","Tequila Ocho Plata","211",".75L","112","Heaven Hill","336","Nick Pourasef",
="65126","Teremana Blanco Tequila","2643",".75L","100","Mast-Jagermeister US","2400","Barry Sessoms",
="65127","Teremana Blanco Tequila","151",".375L","90","Mast-Jagermeister US","360","Barry Sessoms",
="65128","Two Fingers Silver","92","1.75L","75","Heaven Hill","225","Nick Pourasef",
="65130","Two Fingers Silver","313",".75L","75","Heaven Hill","225","Nick Pourasef",
="65156","Adictivo Plata Tequila","0",".75L","78","Marsalle/Stoller Imports","234","Jeffrey A. Morse, Jr.",
="65164","Espolon Blanco","53","1.75L","48","Campari America","144","Barry Sessoms",
="65165","Espolon Blanco","431",".75L","70","Campari America","700","Barry Sessoms",
="65182","El Tesoro Reposado","88",".75L","80","Beam Suntory","240","Bill York",
="65185","Sauza Extra Gold","228",".75L","56","Beam Suntory","336","Bill York",
="65186","Maestro Dobel Anejo","330",".75L","28","Proximo Spirits","84","Lauren Wiseman",
="65187","Sauza Conmemorativo","208",".75L","56","Beam Suntory","224","Bill York",
="65188","Hornitos Reposado","345",".75L","50","Beam Suntory","275","Bill York",
="65190","Hornitos Reposado","354","1.75L","60","Beam Suntory","240","Bill York",
="65191","Hornitos Reposado","117",".375L","102","Beam Suntory","306","Bill York",
="65192","Tres Generaciones Anejo","152",".75L","72","Beam Suntory","144","Bill York",
="65196","1800 Reposado","358","1.75L","36","Proximo Spirits","540","Lauren Wiseman",
="65197","1800 Reposado","375",".75L","45","Proximo Spirits","495","Lauren Wiseman",
="65199","1800 Reposado","0",".375L","65","Proximo Spirits","260","Lauren Wiseman",
="65202","Jose Cuervo Especial Gold","1428","1.75L","60","Proximo Spirits","1920","Lauren Wiseman",
="65204","Jose Cuervo Especial Gold","2998",".75L","70","Proximo Spirits","3500","Lauren Wiseman",
="65206","Jose Cuervo Especial Gold","2201",".375L","108","Proximo Spirits","3132","Lauren Wiseman",
="65208","1800 Anejo","32",".75L","76","Proximo Spirits","304","Lauren Wiseman",
="65213","Jose Cuervo Tradicional Añejo","219",".75L","84","Proximo Spirits","336","Lauren Wiseman",
="65214","Jose Cuervo Tradicional Cristalino","127",".75L","66","Proximo Spirits","198","Lauren Wiseman",
="65217","Adictivo Anejo Tequila","0",".75L","78","Marsalle/Stoller Imports","234","Jeffrey A. Morse, Jr.",
="65219","Margaritaville Gold","128","1.75L","65","Sazerac Co.","260","Rick Henry",
="65220","Margaritaville Gold","238",".75L","64","Sazerac Co.","192","Rick Henry",
="65222","El Jimador Reposado","245","1.75L","56","Brown - Forman","224","Lauren Wiseman",
="65223","El Jimador Reposado","328",".75L","64","Brown - Forman","320","Lauren Wiseman",
="65224","El Jimador Reposado","403",".375L","110","Brown - Forman","330","Lauren Wiseman",
="65225","El Toro Gold","29",".75L","75","Sazerac Co.","1050","Rick Henry",
="65227","El Jimador Anejo","587",".75L","136","Brown - Forman","408","Lauren Wiseman",
="65228","Don Julio 1942","59","1.75L","36","Diageo NA","108","Garrett Miller",
="65229","Don Julio 1942","397",".75L","48","Diageo NA","336","Garrett Miller",
="65230","Don Julio Reposado","0",".375L","88","Diageo NA","264","Garrett Miller",
="65231","Don Julio Reposado","34","1.75L","90","Diageo NA","0","Garrett Miller",
="65232","Don Julio Reposado","0",".75L","91","Diageo NA","728","Garrett Miller",
="65235","Don Julio Anejo","239",".75L","91","Diageo NA","546","Garrett Miller",
="65236","Dorado Gold Tequila","155",".75L","70","Sazerac Co.","210","Rick Henry",
="65239","El Mayor Anejo","13",".75L","80","Luxco","240","Donavan Campbell",
="65240","El Mayor Reposado","173",".75L","80","Luxco","240","Donavan Campbell",
="65243","Olmeca Altos Reposado","319",".75L","80","Pernod Ricard USA","352","Jack Wooten",
="65244","Olmeca Altos Reposado","403",".375L","102","Pernod Ricard USA","306","Jack Wooten",
="65245","Olmeca Altos Reposado","187","1.75L","52","Pernod Ricard USA","156","Jack Wooten",
="65246","Milagro Reposado","173",".75L","120","William Grant & Sons","360","Donavan Campbell",
="65247","Milagro Reposado","147","1.75L","60","William Grant & Sons","180","Donavan Campbell",
="65248","Milagro Reposado","367",".375L","120","William Grant & Sons","360","Donavan Campbell",
="65249","Milagro Anejo","408",".75L","120","William Grant & Sons","360","Donavan Campbell",
="65250","Milagro Anejo","0",".375L","120","William Grant & Sons","360","Donavan Campbell",
="65253","Adictivo Double Reposado Cristalino","0",".75L","78","Marsalle/Stoller Imports","234","Jeffrey A. Morse, Jr.",
="65254","Juarez Gold","120","1.75L","65","Luxco","195","Donavan Campbell",
="65255","Juarez Gold","44",".75L","70","Luxco","560","Donavan Campbell",
="65257","Adictivo Reposado Tequila","23",".75L","78","Marsalle/Stoller Imports","234","Jeffrey A. Morse, Jr.",
="65262","Olmeca Altos Anejo","233",".75L","80","Pernod Ricard USA","160","Jack Wooten",
="65264","Tequila Komos Reposado Rosa","176",".75L","64","E & J Gallo Winery","192","Donavan Campbell",
="65267","Hornitos Anejo","0",".75L","50","Beam Suntory","150","Bill York",
="65269","Hornitos Black Barrel","151",".75L","50","Beam Suntory","165","Bill York",
="65271","Codigo 1530 Reposado","179",".75L","80","Pernod Ricard USA","240","Jack Wooten",
="65274","Tres Generaciones Reposado","127",".75L","78","Beam Suntory","234","Bill York",
="65277","100 Anos Reposado","212",".75L","60","Beam Suntory","180","Bill York",
="65279","Montezuma Teq Gold","165","1.75L","75","Sazerac Co.","450","Rick Henry",
="65281","Montezuma Teq Gold","397",".75L","70","Sazerac Co.","910","Rick Henry",
="65288","Monte Alban Mezcal Con Gusano","110",".75L","72","Sazerac Co.","216","Rick Henry",
="65297","Patron Anejo","398",".75L","36","Bacardi USA","420","Barry Sessoms",
="65298","Patron Anejo","163",".375L","70","Bacardi USA","420","Barry Sessoms",
="65299","Patron Extra Anejo","150",".75L","72","Bacardi USA","216","Barry Sessoms",
="65303","Patron Reposado","312",".75L","36","Bacardi USA","420","Barry Sessoms",
="65304","Patron Reposado","0",".375L","70","Bacardi USA","420","Barry Sessoms",
="65316","Pancho Villa Gold","697",".75L","70","McCormick Distilling Co.","840","Donavan Campbell",
="65319","Don Ramon Reposado","61",".75L","120","Hexa Partners","360","Ruben Martinez",
="65344","Tres Agaves Anejo","126",".75L","100","Trinchero Family Estates","300","Nick Pourasef",
="65345","Tres Agaves Reposado","304",".75L","100","Trinchero Family Estates","300","Nick Pourasef",
="65349","Two Fingers Gold","107","1.75L","75","Heaven Hill","150","Nick Pourasef",
="65351","Two Fingers Gold","0",".75L","75","Heaven Hill","225","Nick Pourasef",
="65354","Cabo Wabo Anejo","220",".75L","78","Campari America","234","Barry Sessoms",
="65359","Cabo Wabo Reposado","146",".75L","78","Campari America","234","Barry Sessoms",
="65362","Corralejo Reposado","776",".75L","93","Infinium Spirits","558","Lauren Wiseman",
="65363","Corralejo Reposado","161","1.75L","60","Infinium Spirits","240","Lauren Wiseman",
="65365","Casamigos Reposado","1027",".75L","105","Diageo dba Casamigos","1680","Bill York",
="65367","Casamigos Anejo","769",".75L","105","Diageo dba Casamigos","840","Bill York",
="65368","Casamigos Reposado","1144","1.75L","104","Diageo dba Casamigos","312","Bill York",
="65369","Casamigos Anejo","605",".375L","90","Diageo dba Casamigos","360","Bill York",
="65370","Cazadores Reposado","0","1.75L","48","Bacardi USA","96","Barry Sessoms",
="65371","Cazadores Reposado","197",".75L","55","Bacardi USA","168","Barry Sessoms",
="65372","Cazadores Reposado","38",".375L","42","Bacardi USA","135","Barry Sessoms",
="65373","Casamigos Reposado","554",".375L","90","Diageo dba Casamigos","360","Bill York",
="65375","Cazadores Anejo","0",".75L","112","Bacardi USA","200","Barry Sessoms",
="65378","Herradura Anejo","188",".75L","100","Brown - Forman","200","Lauren Wiseman",
="65381","Corralejo Anejo Tequila Red Bottle","273",".75L","93","Infinium Spirits","372","Lauren Wiseman",
="65382","Corralejo Extra Anejo","333",".75L","93","Infinium Spirits","279","Lauren Wiseman",
="65383","Mi Cosecha Gold","150","1.75L","60","Hexa Partners","300","Ruben Martinez",
="65386","D'ego Gold","242","1.75L","70","Hexa Partners","300","Ruben Martinez",
="65392","Herradura Reposado","413",".75L","100","Brown - Forman","300","Lauren Wiseman",
="65400","Corazon Reposado Tequila","0",".375L","75","Sazerac Co.","225","Rick Henry",
="65404","Aristocrat Supreme Teq Gold","226","1.75L","75","Heaven Hill","300","Nick Pourasef",
="65405","Aristocrat Supreme Teq Gold","1357",".75L","70","Heaven Hill","1120","Nick Pourasef",
="65411","Corazon Reposado De Agave","251",".75L","60","Sazerac Co.","300","Rick Henry",
="65418","Lunazul Reposado","362","1.75L","56","Heaven Hill","728","Nick Pourasef",
="65419","Lunazul Reposado","382",".75L","55","Heaven Hill","880","Nick Pourasef",
="65420","Lunazul Reposado","23",".375L","102","Heaven Hill","714","Nick Pourasef",
="65424","Cenote Reposado","263",".75L","100","Stoli Group USA","300","Donavan Campbell",
="65426","Cincoro Reposado Tequila","80",".75L","54","Park St Imp/ Cinco Spirits","162","Bill York",
="65441","Gran Coramino Anejo","2",".75L","40","Proximo Spirits","120","Lauren Wiseman",
="65447","El Berrinche Reposado Certified Organic","95",".75L","60","Deluxe Wine & Spirits","180","Alina Vinocurova",
="65453","Libelula Tequila","248","1.00L","56","MHW/ CNI Brands","440","Jason Lemansky",
="65457","Lunazul Primero Tequila","280",".75L","110","Heaven Hill","330","Nick Pourasef",
="65459","Lunazul Anejo","0",".75L","110","Heaven Hill","440","Nick Pourasef",
="65472","Avion Reserva 44","138",".75L","36","Pernod Ricard USA","108","Jack Wooten",
="65474","Avion Reposado","346",".75L","78","Pernod Ricard USA","300","Jack Wooten",
="65478","Deleon Anejo","48",".75L","48","Diageo NA","240","Garrett Miller",
="65479","DeLeon Reposado","0",".75L","48","Diageo NA","336","Garrett Miller",
="65480","Espolon Reposado","0",".75L","70","Campari America","210","Barry Sessoms",
="65481","Espolon Reposado","184","1.75L","48","Campari America","144","Barry Sessoms",
="65483","Espolon Anejo","296",".75L","120","Campari America","360","Barry Sessoms",
="65505","De-NADA Tequila Reposado","0",".75L","100","MHW/ DE-NADA","300","ABC",
="65537","Familia Camarena Reposado","229","1.75L","56","E & J Gallo Winery","168","Donavan Campbell",
="65538","Familia Camarena Reposado","109",".75L","48","E & J Gallo Winery","192","Donavan Campbell",
="65544","Flecha Azul Reposado Tequila","273",".75L","110","Park St Imp/ Wes Brands","330","Bill York",
="65546","Gran Centenario Reposado","97",".75L","56","Proximo Spirits","224","Lauren Wiseman",
="65549","Gran Centenario Anejo","127",".75L","112","Proximo Spirits","336","Lauren Wiseman",
="65557","Number Juan Reposado","0",".75L","64","WT Imports","192","Nick Pourasef",
="65563","Partida Tequila Reposado","268",".75L","96","MHW/ Lucas Bols","288","Lauren Wiseman",
="65567","Cantera Negra Reposado","0",".75L","72","Deutsch Family W & S","216","Barry Sessoms",
="65569","Cantera Negra Anejo","0",".75L","72","Deutsch Family W & S","216","Barry Sessoms",
="65573","818 Reposado Tequila","253",".75L","80","MHW/ 818 Spirits","240","Barry Sessoms",
="65584","Maestro Dobel Diamante","7",".75L","84","Proximo Spirits","336","Lauren Wiseman",
="65606","Tequila Ocho Reposado","67",".75L","18","Heaven Hill","54","Nick Pourasef",
="65613","Corzo Reposado","19",".75L","78","Bacardi USA","234","Barry Sessoms",
="65616","Coa De Jima Reposado","87",".75L","100","Sans Wine & Spirits","200","Ruben Martinez",
="65637","Lobos 1707 Reposado","2",".75L","80","Park St Imp/ Lobos 1707","240","Bill York",
="65672","Exotico Reposado","134",".75L","60","Luxco","180","Donavan Campbell",
="65683","Tromba Reposado","257",".75L","112","Sazerac/ 375 Park Ave Spirits","336","Nick Pourasef",
="65734","Teremana Reposado Tequila","334",".375L","90","Mast-Jagermeister US","270","Barry Sessoms",
="65735","Teremana Reposado Tequila","1608",".75L","100","Mast-Jagermeister US","1800","Barry Sessoms",
="65764","Rey Coyote Tequila Reposado","0",".75L","40","Weldon Mills Distillery","120","Bruce Tyler",
="66000","Cardinal Gin","163",".75L","100","Southern Artisan Spirits","200","Charlie Mauney",
="66002","Barrel Rested Cardinal Gin","123",".75L","100","Southern Artisan Spirits","200","Charlie Mauney",
="66005","Turning Point Rye Whiskey","144",".75L","100","Southern Artisan Spirits","300","Charlie Mauney",
="66006","Turning Point Straight Bourbon Whiskey","64",".75L","100","Southern Artisan Spirits","300","Charlie Mauney",
="66008","Blue Shark Vodka","429","1.75L","55","Blue Shark Vodka","825","Mark Bloomquist",
="66009","Blue Shark w/ Shark in Bottle","506",".75L","112","Blue Shark Vodka","896","Mark Bloomquist",
="66010","Blue Shark Vodka","586",".75L","112","Blue Shark Vodka","600","Mark Bloomquist",
="66011","Blue Shark Vodka","279",".375L","130","Blue Shark Vodka","315","Mark Bloomquist",
="66015","Caddy Cocktails Transfusion RTD 4Pk","88","1.42L","100","MHW/ Next Century Spirits","300","Barry Sessoms",
="66016","Caddy Cocktails Half and Half RTD 4Pk","152","1.42L","100","MHW/ Next Century Spirits","300","Barry Sessoms",
="66018","Troy & Sons Keeper Apple Brandy","53",".75L","48","Asheville Distilling Co.","144","Troy Ball",
="66020","Troy & Sons Platinum Moonshine","45",".75L","96","Asheville Distilling Co.","192","Troy Ball",
="66023","Troy & Sons 7Y Oak Reserve","26",".75L","64","Asheville Distilling Co.","128","Troy Ball",
="66026","Blonde Whiskey","90",".75L","60","Asheville Distilling Co.","120","Troy Ball",
="66034","Salamander Vodka","27","1.75L","48","Great Wagon Road Distilling","144","Oliver Mulligan",
="66035","Drumlish Poitin Carolina Whiskey","14",".75L","48","Great Wagon Road Distilling","96","Oliver Mulligan",
="66036","Rua American S.M. Whiskey","38",".75L","60","Great Wagon Road Distilling","240","Oliver Mulligan",
="66038","Salamander Vodka","27",".75L","104","Great Wagon Road Distilling","160","Oliver Mulligan",
="66039","Quinn's Carolina Whiskey","71",".75L","48","Great Wagon Road Distilling","144","Oliver Mulligan",
="66042","704 Handmade Gin","89",".75L","64","Great Wagon Road Distilling","192","Oliver Mulligan",
="66058","Body Vodka","84",".75L","50","MHW/ Next Century Spirits","150","Amy Edwards",
="66059","Bombshell Crisp Cucumber Gin","63",".75L","110","Bogue Sound Distillery","330","Richard Chapman",
="66061","Vitzellen Vodka","70","1.75L","60","Bogue Sound Distillery","180","Richard Chapman",
="66062","Vitzellen Vodka","158",".75L","112","Bogue Sound Distillery","224","Richard Chapman",
="66063","John A P Conoley Salted Caramel","233",".75L","90","Bogue Sound Distillery","270","Richard Chapman",
="66064","John A P Conoley Bourbon","0",".75L","108","Bogue Sound Distillery","324","Richard Chapman",
="66065","John A P Conoley Carolina Peanut Butter","78",".75L","108","Bogue Sound Distillery","324","Richard Chapman",
="66066","John A.P. Conoley Limited Reserve Rye","133",".75L","6","Bogue Sound Distillery","18","Richard Chapman",
="66068","John Newland Maffitt Barrel Rested White","94",".75L","90","Bogue Sound Distillery","270","Richard Chapman",
="66070","John Newland Maffitt Coconut Cream Liqueur","167",".75L","90","Bogue Sound Distillery","18","Richard Chapman",
="66071","John Newland Maffitt Spiced Rum","179",".75L","6","Bogue Sound Distillery","18","Richard Chapman",
="66073","Broadslab Legacy Appleshine","86",".75L","80","Broadslab Distillery","160","Jeremy Norris",
="66075","Buffalo City Crisp Apple Flavored Whiskey","71",".75L","92","Buffalo City Distillery","276","Clifford C. Byrum, Jr.",
="66076","Broadslab Legacy Shine","17",".75L","80","Broadslab Distillery","160","Jeremy Norris",
="66077","Buffalo City Toasted Coconut Vodka","53",".75L","80","Buffalo City Distillery","240","Clifford C. Byrum, Jr.",
="66078","Buffalo City Peach Vodka","61",".75L","80","Buffalo City Distillery","240","Clifford C. Byrum, Jr.",
="66080","Buffalo City Blood Orange Vodka","36",".75L","80","Buffalo City Distillery","240","Clifford C. Byrum, Jr.",
="66081","Buffalo City Vodka","110",".75L","80","Buffalo City Distillery","240","Clifford C. Byrum, Jr.",
="66082","Carolina Coast Spiced Rum","0",".75L","100","Broadslab Distillery","192","Jeremy Norris",
="66087","Buffalo City Honey Roasted Almond Flavored Whiskey","73",".75L","92","Buffalo City Distillery","276","Clifford C. Byrum, Jr.",
="66088","Method & Standard 80 Vodka","56",".75L","32","Piedmont Distillers","96","Donavan Campbell",
="66089","Method & Standard Apple Spice Vodka","52",".75L","32","Piedmont Distillers","64","Donavan Campbell",
="66090","Method & Standard Raspberry Vodka","28",".75L","32","Piedmont Distillers","64","Donavan Campbell",
="66091","Method & Standard Strawberry Vodka","50",".75L","32","Piedmont Distillers","96","Donavan Campbell",
="66092","MoShine Passion Fruit","136",".75L","100","Piedmont Distillers","300","Donavan Campbell",
="66093","MoShine Peach","138",".75L","100","Piedmont Distillers","300","Donavan Campbell",
="66094","Midnight Moon RTD Lightning Lemonade 4Pk","106","1.42L","100","Piedmont Distillers","400","Donavan Campbell",
="66095","Midnight Moon RTD Watermelon 4Pk","109","1.42L","100","Piedmont Distillers","400","Donavan Campbell",
="66097","Midnight Moon 100","186",".75L","100","Piedmont Distillers","300","Donavan Campbell",
="66100","Catdaddy Spiced Moonshine","83",".75L","120","Piedmont Distillers","240","Donavan Campbell",
="66102","Midnight Moon 80","219",".75L","100","Piedmont Distillers","300","Donavan Campbell",
="66103","Midnight Moon Apple Pie","65","1.75L","48","Piedmont Distillers","144","Donavan Campbell",
="66104","Midnight Moon Apple Pie","258",".75L","100","Piedmont Distillers","400","Donavan Campbell",
="66105","Midnight Moon Apple Pie","159",".375L","56","Piedmont Distillers","224","Donavan Campbell",
="66106","Midnight Moon Blueberry","156",".75L","100","Piedmont Distillers","200","Donavan Campbell",
="66108","Midnight Moon Cherry","168",".75L","100","Piedmont Distillers","200","Donavan Campbell",
="66111","Midnight Moon Peach Tea RTD 4Pk","83","1.42L","100","Piedmont Distillers","300","Donavan Campbell",
="66112","Midnight Moon Strawberry","176",".75L","100","Piedmont Distillers","200","Donavan Campbell",
="66114","Midnight Moon Blackberry","125",".75L","100","Piedmont Distillers","200","Donavan Campbell",
="66115","Midnight Moon Watermelon","188",".75L","100","Piedmont Distillers","300","Donavan Campbell",
="66117","Midnight Moon Raspberry","124",".75L","100","Piedmont Distillers","200","Donavan Campbell",
="66118","Midnight Moon Dill Pickles","124",".75L","100","Piedmont Distillers","300","Donavan Campbell",
="66120","Midnight Moon Peach","164",".75L","100","Piedmont Distillers","200","Donavan Campbell",
="66122","Midnight Moon Lightning Lemonade","162",".75L","100","Piedmont Distillers","300","Donavan Campbell",
="66124","The Clover Single Barrel Trad. Bourbon","36",".75L","100","Piedmont Distillers","300","Donavan Campbell",
="66126","The Clover Single Barrel Rye Whiskey","28",".75L","100","Piedmont Distillers","200","Donavan Campbell",
="66128","The Clover Tennessee Straight Bourbon","31",".75L","50","Piedmont Distillers","150","Donavan Campbell",
="66130","Howling Moon Mtn Moonshine","44",".75L","40","Howling Moon Distillery","120","Cody Bradford",
="66131","Howling Moon Bradford Reserve","15",".75L","28","Howling Moon Distillery","84","Cody Bradford",
="66133","Howling Moon Apple Pie Moonshine","38",".75L","60","Howling Moon Distillery","120","Cody Bradford",
="66136","Howling Moon Strawberry Moonshine","13",".75L","40","Howling Moon Distillery","80","Cody Bradford",
="66147","Muddy River Basil Carolina Rum","79",".75L","56","Muddy River Distillery","168","Robert Delaney",
="66148","Muddy River Coconut Rum","65",".75L","56","Muddy River Distillery","112","Robert Delaney",
="66149","Muddy River Spiced Rum","114",".75L","70","Muddy River Distillery","112","Robert Delaney",
="66150","Diaspora Peach Vodka","0",".75L","56","Muddy River Distillery","198","Robert Delaney",
="66151","Muddy River Silver Rum","40",".75L","56","Muddy River Distillery","112","Robert Delaney",
="66153","Muddy River Sample Pack","0","300ML","28","Muddy River Distillery","84","Robert Delaney",
="66154","Muddy River Queen Charlotte's Reserve","118",".75L","50","Muddy River Distillery","200","Robert Delaney",
="66155","Muddy River Queen Charlotte's Reserve 4Y","14",".75L","20","Muddy River Distillery","60","Robert Delaney",
="66156","Muddy River Coffee Rum","87",".75L","56","Muddy River Distillery","168","Robert Delaney",
="66159","Carolina Craft Chocolate Mocha Liqueur","15",".75L","60","Murto Made","180","Jonathan Murto",
="66163","Tim Smith's Climax Wood Fired Whiskey","37",".75L","100","Two Trees Distilling Co.","300","Bill York",
="66166","Tim Smith Southern Reserve Bourbon","33",".75L","100","Two Trees Distilling Co.","300","Bill York",
="66167","Tim Smith's FIRE #32 Climax","53",".75L","100","Two Trees Distilling Co.","300","Bill York",
="66168","712 Vodka","24",".75L","120","Two Trees Distilling Co.","360","Bill York",
="66171","Sasser Spiked Lemonade 4Pk","79","1.42L","144","Doodle Sasser Distilling","432","Paul Collins",
="66172","Chocolate Shine","77",".75L","100","Copper Creek Distillery","300","Greg Shuford",
="66173","Apple Pie Shine","82",".75L","100","Copper Creek Distillery","150","Greg Shuford",
="66174","IL-LIC-IT Shine","68",".75L","100","Copper Creek Distillery","150","Greg Shuford",
="66176","Moon Chasers Tim-Rita 4Pk","69","800ML","120","Two Trees Distilling Co.","360","Bill York",
="66177","Moon Chasers The Ritual 4Pk","41","800ML","120","Two Trees Distilling Co.","360","Bill York",
="66181","TOPO 81-77 VICTORIOUS Whiskey","358",".75L","88","Top Spirits","264","Esteban McMahan",
="66183","TOPO 4.2.22 TRIUMPHANT Rum","299",".75L","88","Top Spirits","264","Esteban McMahan",
="66194","TOPO Heavenly","0",".75L","88","Top Spirits","264","Esteban McMahan",
="66196","Covington Gourmet Vodka","75",".75L","56","Covington Spirits","112","Nick Pourasef",
="66199","Boykin Rye 100P BIB","0",".75L","15","Broad Branch Distillery","45","Jason Lemansky",
="66200","Broad Branch Rye Fidelity Straight Rye","0",".75L","16","Broad Branch Distillery","48","Jason Lemansky",
="66202","Nightlab 1.0 NC White Whiskey","14",".75L","22","Broad Branch Distillery","66","Jason Lemansky",
="66205","Smashing Violet Blueberry Whiskey","38",".75L","22","Broad Branch Distillery","44","Jason Lemansky",
="66207","Frank's Reserve Aged NC Whiskey","0",".75L","20","Broad Branch Distillery","60","Jason Lemansky",
="66210","Broad Branch Sungrazer Amber Rum","20",".75L","16","Broad Branch Distillery","48","Jason Lemansky",
="66212","Broad Branch Big Winston Bourbon BIB","0",".75L","10","Broad Branch Distillery","30","Jason Lemansky",
="66229","Defiant Patriot","92",".75L","140","Blue Ridge Distilling","420","Eric Meech",
="66230","Defiant","185",".75L","140","Blue Ridge Distilling","420","Eric Meech",
="66231","Defiant Rye","110",".75L","140","Blue Ridge Distilling","420","Eric Meech",
="66256","Brothers Vilgalys Krupnikas","8",".75L","40","Durham Distillery","120","Melissa Katrincic",
="66262","Lonerider Nutcracker Rye","0",".375L","72","Lonerider Spirits","216","Christopher Mielke",
="66267","Lonerider Nutcracker Rye","29",".75L","88","Lonerider Spirits","264","Christopher Mielke",
="66268","Lonerider Choklat Liqueur","52",".375L","72","Lonerider Spirits","216","Christopher Mielke",
="66269","Lonerider Southern Nog","0",".75L","88","Lonerider Spirits","264","Christopher Mielke",
="66270","Lonerider Bourbon Deadwood Cask Finish","187",".75L","88","Lonerider Spirits","264","Christopher Mielke",
="66272","Lonerider Bourbon Whiskey Tequila Cask Finish","36",".75L","88","Lonerider Spirits","264","Christopher Mielke",
="66273","Lonerider Bourbon Whiskey Sherry Cask Finish","153",".75L","88","Lonerider Spirits","264","Christopher Mielke",
="66274","Heart of Mystic Bourbon","23",".375L","40","Barrister & Brewer","80","Jonathan Blitz, Broker",
="66278","Southern Cross Bourbon","4",".75L","100","Crux Distillery","300","Allan Smith",
="66279","Mystic Bourbon Liqueur","28",".75L","80","Barrister & Brewer","160","Jonathan Blitz, Broker",
="66283","Creek Water American Whiskey","62",".75L","50","MHW/ Creekwater","100","Barry Sessoms",
="66293","Ava Gardner Select Bourbon","126",".75L","150","Seven Jars Distillery","450","Velda Ratcliffe",
="66294","Seven Jars Preamble Straight Bourbon Whiskey","73",".75L","84","Seven Jars Distillery","252","Velda Ratcliffe",
="66296","Seven Jars Apple Pie Whiskey","61",".75L","84","Seven Jars Distillery","168","Velda Ratcliffe",
="66297","Seven Jars Pickleback Vodka","26",".75L","60","Seven Jars Distillery","120","Velda Ratcliffe",
="66299","Seven Jars Preamble Rye Whiskey","47",".75L","84","Seven Jars Distillery","168","Velda Ratcliffe",
="66319","Mother Earth Gin","157",".75L","80","Mother Earth Brewing","160","Trent Mooring",
="66321","Mother Earth Whiskey","62",".75L","80","Mother Earth Brewing","240","Trent Mooring",
="66325","Mother Earth Rye","115",".75L","40","Mother Earth Brewing","120","Trent Mooring",
="66326","Carolina Dry Gin","121",".75L","80","Mother Earth Brewing","240","Trent Mooring",
="66328","Apple Pie Moonshine","0",".75L","52","Tar River Distillery","156","Randy Moore",
="66330","Moonshine Coffee","0",".75L","52","Tar River Distillery","156","Randy Moore",
="66331","Specialty Moonshine","0",".75L","52","Tar River Distillery","156","Randy Moore",
="66332","Triple Blend Moonshine","0",".75L","52","Tar River Distillery","156","Randy Moore",
="66337","Junior Walton's Rum","102",".75L","55","Walton's Distillery","165","Donald Walton Jr",
="66338","Junior Walton's Vodka","99",".75L","55","Walton's Distillery","165","Donald Walton Jr",
="66339","E M Walton's Premium Salted Caramel","98",".75L","100","Walton's Distillery","300","Donald Walton Jr",
="66340","E M Walton's Straight Bourbon","46",".75L","40","Walton's Distillery","120","Donald Walton Jr",
="66341","Jr Walton's Pine Shine Colada","44",".75L","55","Walton's Distillery","165","Donald Walton Jr",
="66342","Jr. Walton's Authentic Carolina Moonshine","27",".75L","44","Walton's Distillery","88","Donald Walton Jr",
="66343","Mag Walton's Peach Shine","85",".75L","55","Walton's Distillery","165","Donald Walton Jr",
="66344","Mag Walton's Salted Caramel Moonshine","50",".75L","55","Walton's Distillery","165","Donald Walton Jr",
="66345","E M Walton's Corn Whiskey","86",".75L","80","Walton's Distillery","160","Donald Walton Jr",
="66347","Junior Walton's Premium Select","41",".75L","60","Walton's Distillery","180","Donald Walton Jr",
="66348","Kitty Walton's Apple Pie Moonshine","34",".75L","55","Walton's Distillery","110","Donald Walton Jr",
="66353","Fair Game Apple Brandy","34",".75L","50","Fair Game Beverage","100","Lyle Estill",
="66358","Flying Pepper Vodka","61",".75L","45","Three Stacks Distilling Co.","90","Cary Joshi",
="66361","Rare Grain Rye Whiskey","18","200ML","80","Eda Rhyne Distilling","240","Thomas Murphy",
="66364","Appalachian Fernet","0",".75L","100","Eda Rhyne Distilling","288","Thomas Murphy",
="66365","Rustic Nocino","0",".75L","96","Eda Rhyne Distilling","288","Thomas Murphy",
="66366","Amaro Flora","40",".75L","96","Eda Rhyne Distilling","288","Thomas Murphy",
="66367","Amaro Oscura","23",".75L","96","Eda Rhyne Distilling","288","Thomas Murphy",
="66369","Pinnix Gin","54",".75L","100","Eda Rhyne Distilling","300","Thomas Murphy",
="66372","Conniption American Dry Gin &Tonic 4Pk","65","1.42L","60","Durham Distillery","180","Barry Sessoms",
="66374","Conniption American Dry Gin","60",".75L","39","Durham Distillery","78","Barry Sessoms",
="66377","Conniption Navy Strength Gin","83",".75L","39","Durham Distillery","156","Barry Sessoms",
="66379","Damn Fine Coffee Liqueur","24",".375L","30","Durham Distillery","60","Barry Sessoms",
="66380","Damn Fine Chocolate Liqueur","0",".375L","30","Durham Distillery","60","Barry Sessoms",
="66381","Damn Fine Mocha Liqueur","17",".375L","30","Durham Distillery","60","Barry Sessoms",
="66382","Cold Distilled Cucumber Vodka","0",".75L","40","Durham Distillery","120","Barry Sessoms",
="66384","Cucumber Vodka & Soda RTD 4Pk","0","1.42L","60","Durham Distillery","80","Barry Sessoms",
="66386","Conniption Kinship Gin","63",".75L","39","Durham Distillery","117","Barry Sessoms",
="66389","Cook's Mill","189",".75L","80","Cooks Mill Whiskey","240","Morgan Chapman",
="66394","Copper Barrel Moonshine-White Lightning","0",".75L","110","Copper Barrel Distillery","220","Kathleen Smith",
="66401","Sutler's Gin","195",".75L","115","Sutler's Spirit Company","345","Scot Sanborn",
="66429","Steel Horse Whisky","0",".75L","16","Cultivated Cocktails","32","Taylor Howard",
="66430","Asheville Ginger Cordial","9",".375L","15","Cultivated Cocktails","45","Taylor Howard",
="66435","Hazel 63 Rum","3",".75L","64","Cultivated Cocktails","128","Taylor Howard",
="66437","Asheville Coffee Liqueur","6",".375L","60","Cultivated Cocktails","135","Taylor Howard",
="66438","Hwy 9 Gin","9",".75L","60","Cultivated Cocktails","120","Taylor Howard",
="66439","Asheville Vodka","22",".75L","60","Cultivated Cocktails","120","Taylor Howard",
="66440","The Reverend Sour Mash Whiskey","25",".375L","136","Call Family Distillers","408","Laura Call",
="66441","The Uncatchable Sour Mash Apple Pie","12",".75L","138","Call Family Distillers","276","Laura Call",
="66443","The Uncatchable Sour Mash Moonshine","12",".75L","138","Call Family Distillers","276","Laura Call",
="66445","The Reverend Apple Liqueur Whiskey","96",".375L","136","Call Family Distillers","408","Laura Call",
="66446","Forbidden Fire Cinnamon Liqueur","15",".75L","150","Call Family Distillers","450","Laura Call",
="66450","The Reverend Sour Mash Whiskey","11",".75L","65","Call Family Distillers","195","Laura Call",
="66451","The Reverend Apple Liqueur Whiskey","23",".75L","150","Call Family Distillers","450","Laura Call",
="66456","Momentum NC Vodka","93",".75L","55","Momentum Spirits","165","Misti Kepler Ford",
="66461","Tiny Cat Vodka","113",".75L","72","Fainting Goat Spirits","144","Jason Lemansky",
="66464","Emulsion Gin","139",".75L","96","Fainting Goat Spirits","138","Jason Lemansky",
="66465","CB Fisher's Straight Rye Whiskey","57",".75L","46","Fainting Goat Spirits","138","Jason Lemansky",
="66466","CB Fisher's Am Single Malt Whiskey","52",".75L","46","Fainting Goat Spirits","138","Jason Lemansky",
="66467","CB Fisher's Bottled In Bond Bourbon","63",".75L","46","Fainting Goat Spirits","138","Jason Lemansky",
="66472","Bear Fight American Whiskey","102",".75L","50","MHW/ Next Century Spirits","150","Barry Sessoms",
="66487","Chemist Gin","82",".75L","110","Apothecary Beverage Co.","200","Debbie Word",
="66489","Chemist Barrel Rested Gin","173",".75L","110","Apothecary Beverage Co.","200","Debbie Word",
="66490","Chemist Navy Strength Gin","176",".75L","110","Apothecary Beverage Co.","160","Debbie Word",
="66502","Oak & Grist Genever Inspired Gin","4",".75L","48","Oak & Grist Distilling Co.","144","William Goldberg",
="66503","Cedar Mountain Moonshine - Buck Fiddy","23",".75L","18","Cedar Mountain Moonshine","75","Wes Dearbaugh",
="66504","Cedar Mountain Moonshine - FireBaugh","23",".75L","18","Cedar Mountain Moonshine","75","Wes Dearbaugh",
="66505","Cedar Mountain Moonshine - HoneyMoon","26",".75L","18","Cedar Mountain Moonshine","75","Wes Dearbaugh",
="66506","Cedar Mountain Moonshine - LemonHello","24",".75L","18","Cedar Mountain Moonshine","75","Wes Dearbaugh",
="66507","Cedar Mountain Moonshine - Mountain Berry","2",".75L","18","Cedar Mountain Moonshine","75","Wes Dearbaugh",
="66508","Cedar Mountain Moonshine - Rise 'n Shine","27",".75L","18","Cedar Mountain Moonshine","75","Wes Dearbaugh",
="66509","Cedar Mountain Moonshine - SunShine (Orange)","18",".75L","18","Cedar Mountain Moonshine","54","Wes Dearbaugh",
="66523","Purple Jesus","41",".75L","100","South Mountain Distilling","300","Donald Smith",
="66524","Cherry Bounce Moonshine","85",".75L","60","South Mountain Distilling","180","Donald Smith",
="66526","JB Rader's 103","39",".75L","100","South Mountain Distilling","300","Donald Smith",
="66527","JB Rader's Honeycrisp Apple Moonshine","79",".75L","50","South Mountain Distilling","150","Donald Smith",
="66528","Killer Beaz Appalachian Ambrosia","93",".75L","100","South Mountain Distilling","300","Donald Smith",
="66535","Pineapple Upside Down Cake","54",".75L","100","South Mountain Distilling","300","Donald Smith",
="66538","Penny's Pecan Pie","75",".75L","100","South Mountain Distilling","300","Donald Smith",
="66550","Broad Branch Rye Fidelity BIB","34",".75L","15","Broad Branch Distillery","45","Jason Lemansky",
="66555","Broad Branch Sungrazer Pride Amber Rum","20",".75L","10","Broad Branch Distillery","30","Jason Lemansky",
="66558","Warehouse Distillery Bourbon","37",".75L","60","Warehouse Distillery","120","Andie Marie Setzer",
="66560","Warehouse Distillery Maple Whiskey","28",".75L","60","Warehouse Distillery","120","Andie Marie Setzer",
="66564","Murto Made Tequila","38",".75L","92","Murto Made","276","Jonathan Murto",
="66568","Murto Made Vodka","19",".75L","96","Murto Made","288","Jonathan Murto",
="66581","1000 Piers Creme De Fruits Noirs","0",".75L","120","The Hackney Distillery","360","Nick Sanders",
="66583","1000 Piers Gin","55",".75L","120","The Hackney Distillery","360","Nick Sanders",
="66584","1000 Piers Blueberry Gin","50",".75L","120","The Hackney Distillery","360","Nick Sanders",
="66585","End of Days Survivors Cut Rye","177",".75L","100","End of Days Distillery","300","Shane Faulkner",
="66586","End of Days Cargo Mule RTD","139","1.00L","128","End of Days Distillery","384","Shane Faulkner",
="66587","End of Days Hurricane RTD","166","1.00L","128","End of Days Distillery","384","Shane Faulkner",
="66588","End of Days Gin & Tonic RTD","76","1.00L","128","End of Days Distillery","384","Shane Faulkner",
="66591","End of Days Luna Bloom Gin","0",".75L","100","End of Days Distillery","300","Shane Faulkner",
="66593","End of Days Vodka","176",".75L","100","End of Days Distillery","200","Shane Faulkner",
="66594","End of Days Barrel Aged Rum","113",".75L","100","End of Days Distillery","300","Shane Faulkner",
="66595","End of Days Rum","133",".75L","100","End of Days Distillery","200","Shane Faulkner",
="66596","End of Days Barrel Rested Rum","118",".75L","100","End of Days Distillery","300","Shane Faulkner",
="66597","End of Days Gin","43",".75L","100","End of Days Distillery","200","Shane Faulkner",
="66598","End of Days Barrel Rested Gin","141",".75L","100","End of Days Distillery","300","Shane Faulkner",
="66600","Kill Devil Rum","50",".75L","55","Outer Banks Craft Distilling","110","Lauren Wiseman",
="66603","Kill Devil Pecan Rum","0",".75L","55","Outer Banks Craft Distilling","110","Lauren Wiseman",
="66604","End of Days Survivors Cut Bourbon","60",".75L","100","End of Days Distillery","300","Shane Faulkner",
="66605","Kill Devil Gold Rum","0",".75L","55","Outer Banks Craft Distilling","110","Lauren Wiseman",
="66613","Oxford Oaks Gin - Under the Oaks","0",".75L","50","Oxford Oaks Distillery","150","Christopher Wayne Barrow",
="66614","Oxford Oaks Rum - Under the Oaks","0",".75L","50","Oxford Oaks Distillery","150","Christopher Wayne Barrow",
="66615","Oxford Oaks Vodka - Under the Oaks","0",".75L","50","Oxford Oaks Distillery","150","Christopher Wayne Barrow",
="66646","TeqCafe Coffee Tequila","0",".75L","80","Cape Fear Distillery","240","Alex Munroe",
="66647","Billfish Tequila","104",".75L","80","Cape Fear Distillery","240","Alex Munroe",
="66648","GameFish Vodka","78",".75L","80","Cape Fear Distillery","240","Alex Munroe",
="66649","Solera Whiskey","124",".75L","60","Cape Fear Distillery","120","Alex Munroe",
="66650","Cape Fear Distillery Maritime Gin","224",".75L","80","Cape Fear Distillery","240","Alex Munroe",
="66651","Cape Fear Distillery Rum","91",".75L","80","Cape Fear Distillery","160","Alex Munroe",
="66652","Frying Pan Shoals Bourbon","112",".75L","80","Cape Fear Distillery","240","Alex Munroe",
="66653","Beach Blast Coconut Rum Cream","161",".75L","80","Cape Fear Distillery","240","Alex Munroe",
="66654","Cape Fear Silver Rum","0",".75L","80","Cape Fear Distillery","240","Alex Munroe",
="66659","Aristotle Spirits Discovery Single Malt Whiskey","0",".75L","30","Aristotle Spirits","90","Paul Jacob Howland (Jake)",
="66660","Aristotle Spirits Habanero Vodka","80",".75L","50","Aristotle Spirits","150","Paul Jacob Howland (Jake)",
="66661","Philosopher Bourbon Barrel Aged Gin","100",".75L","50","Aristotle Spirits","150","Paul Jacob Howland (Jake)",
="66662","Aristotle Sp Discovery Bourbon Apple Cider Cask","17",".75L","30","Aristotle Spirits","90","Paul Jacob Howland (Jake)",
="66663","Philosopher Gin","117",".75L","50","Aristotle Spirits","150","Paul Jacob Howland (Jake)",
="66664","Aristotle Spirits Vodka","34",".75L","50","Aristotle Spirits","150","Paul Jacob Howland (Jake)",
="66683","Chemist Chocolate Orange Gin Liqueur","62",".75L","66","Apothecary Beverage Co.","60","Debbie Word",
="66691","Chemist American Vodka","52",".75L","110","Apothecary Beverage Co.","330","Debbie Word",
="66692","Garden & Gun Old Tom Gin","0",".75L","110","Apothecary Beverage Co.","330","Debbie Word",
="66694","Old North State Bourbon","0",".75L","50","Next Century Spirits","150","Amy Edwards",
="66695","Old North State Gin","0",".75L","50","Next Century Spirits","150","Amy Edwards",
="66696","Old North State Rum","0",".75L","50","Next Century Spirits","150","Amy Edwards",
="66697","Old North State Vodka","0",".75L","50","Next Century Spirits","150","Amy Edwards",
="66698","Creek Water Cinnamon Whiskey","33","50ML","96","MHW/ Next Century Spirits","288","Barry Sessoms",
="66699","Creek Water American Whiskey","34","50ML","96","MHW/ Next Century Spirits","288","Barry Sessoms",
="66700","Oak City Amaretto","51",".75L","80","Raleigh Rum Company","240","Matthew Grossman",
="66702","Raleigh Rum Co. White Rum","0",".75L","80","Raleigh Rum Company","160","Matthew Grossman",
="66705","Raleigh Rum Co. Spiced Rum","0",".75L","80","Raleigh Rum Company","160","Matthew Grossman",
="66706","Raleigh Rum Co. Sweet Dark Rum","87",".75L","80","Raleigh Rum Company","240","Matthew Grossman",
="66710","Liberty & Plenty Bronze Bull Rye PX Sherry","0",".75L","115","Liberty and Plenty Distillery","345","Tina Williford",
="66711","Liberty & Plenty Cap & Cane White Rum","0",".75L","115","Liberty and Plenty Distillery","345","Tina Williford",
="66712","Liberty & Plenty Slate Belt Vodka","0",".75L","115","Liberty and Plenty Distillery","345","Tina Williford",
="66713","Holman's Applejohn Applejack","51",".75L","42","Holman Distillery","126","John Holman II",
="66716","Holman's High 148P Vodka","75",".75L","42","Holman Distillery","126","John Holman II",
="66717","Holman's High 148P Vodka","30","1.75L","36","Holman Distillery","108","John Holman II",
="66730","Southern Star Single Barrel","204",".75L","80","Southern Distilling Co.","240","Lauren Wiseman",
="66731","Southern Star Standard","263",".75L","80","Southern Distilling Co.","240","Lauren Wiseman",
="66732","Southern Star White","227",".75L","80","Southern Distilling Co.","240","Lauren Wiseman",
="66733","Southern Star Dbl Shot Coffee Bourbon Cream","189",".75L","80","Southern Distilling Co.","240","Lauren Wiseman",
="66734","Southern Star Double Rye","187",".75L","80","Southern Distilling Co.","240","Lauren Wiseman",
="66736","Southern Star Paragon Cask Strength SB","159",".75L","80","Southern Distilling Co.","300","Lauren Wiseman",
="66737","Southern Star Paragon Straight Bourbon","203",".75L","80","Southern Distilling Co.","300","Lauren Wiseman",
="66738","Southern Star Paragon Bottled in Bond","256",".75L","80","Southern Distilling Co.","300","Lauren Wiseman",
="66741","Hunting Creek Straight Rye Whiskey","220",".75L","80","Southern Distilling Co.","240","Lauren Wiseman",
="66788","ONW Straight Bourbon 2Y","22",".75L","100","The Old Nick Williams Co.","200","Zebulon V. Williams III",
="66789","ONW Vodka","206",".75L","115","The Old Nick Williams Co.","230","Zebulon V. Williams III",
="66790","Coattail","222",".75L","100","The Old Nick Williams Co.","300","Zebulon V. Williams III",
="66791","ONW Carolina Whiskey","9",".75L","100","The Old Nick Williams Co.","200","Zebulon V. Williams III",
="66793","Pulse Premium Vodka","129",".75L","60","The Old Nick Williams Co.","180","Zebulon V. Williams III",
="66794","Seventeen Twelve Bourbon","22",".75L","45","Foothills Distillery","90","Zackary Cranford",
="66795","Zeb's American Straight Rye Whiskey","57",".75L","50","The Old Nick Williams Co.","150","Zebulon V. Williams III",
="66796","Marci's Tears Vodka Infused w/ Ghost Peppers","191",".75L","100","The Old Nick Williams Co.","300","Zebulon V. Williams III",
="66798","Hempahol","51",".75L","60","The Old Nick Williams Co.","180","Zebulon V. Williams III",
="66812","Sun Dog 130","29",".75L","60","Southern Grace Distilleries","120","Thomas Thacker",
="66817","Conviction Bourbon","72",".75L","60","Southern Grace Distilleries","180","Thomas Thacker",
="66818","Conviction Bourbon","17",".375L","60","Southern Grace Distilleries","180","Thomas Thacker",
="66819","Conviction 1929 Double Oak Bourbon","40",".75L","30","Southern Grace Distilleries","144","Thomas Thacker",
="66826","FJW Solera Style American Whiskey","64",".75L","100","GIA Distillery","300","Mark Sorrells",
="66828","Francesca Grappa","75",".75L","100","GIA Distillery","300","Mark Sorrells",
="66829","Turntable Brandy","24",".75L","5","GIA Distillery","15","Mark Sorrells",
="66830","Francesca Premium Vodka","40",".75L","60","GIA Distillery","180","Mark Sorrells",
="66831","Havana Phil's Vodka","27",".75L","60","GIA Distillery","180","Mark Sorrells",
="66844","Olde Raleigh Whiskey Society Bourbon","85",".75L","50","Olde Raleigh Distillery","144","Brandon McCraney",
="66845","Olde Raleigh Honey Barreled Bourbon","84",".75L","50","Olde Raleigh Distillery","90","Brandon McCraney",
="66857","Social House Vodka","85","1.75L","48","Three Stacks Distilling Co.","135","Cary Joshi",
="66858","Social House Vodka","280",".75L","60","Three Stacks Distilling Co.","420","Cary Joshi",
="66862","Joy & Sorrow Rakomelo","244",".75L","100","Joy & Sorrow Spirits","300","Edwin McMillan",
="66906","Overbee's Coconut Vodka","13",".75L","15","Bootleggers and Barrels","45","Billy Dale Overbee",
="66907","Overbee's Peach Vodka","12",".75L","15","Bootleggers and Barrels","45","Billy Dale Overbee",
="66908","Overbee's Pineapple Vodka","11",".75L","15","Bootleggers and Barrels","45","Billy Dale Overbee",
="66909","Overbee's Vodka","5",".75L","15","Bootleggers and Barrels","45","Billy Dale Overbee",
="66920","Overbee's Blueberry Vodka","12",".75L","15","Bootleggers and Barrels","45","Billy Dale Overbee",
="66921","Overbee's Vanilla Vodka","10",".75L","15","Bootleggers and Barrels","45","Billy Dale Overbee",
="66960","Sabrosa Hibiscus Ginger Infused Tequila Blanco","31",".75L","40","Weldon Mills Distillery","120","Bruce Tyler",
="66961","Sabrosa Lavender Lime Infused Tequila Blanco","29",".75L","40","Weldon Mills Distillery","120","Bruce Tyler",
="66962","Sabrosa Orange Blossom Infused Tequila Blanco","27",".75L","40","Weldon Mills Distillery","120","Bruce Tyler",
="66963","Sabrosa Tequila Blanco","27",".75L","40","Weldon Mills Distillery","40","Bruce Tyler",
="66978","Soldier's Cut Bourbon Whiskey","0",".75L","40","Weldon Mills Distillery","120","Bruce Tyler",
="66979","Weldon Mills Reserve Bourbon Whiskey","0",".75L","40","Weldon Mills Distillery","120","Bruce Tyler",
="66981","Weldon Orchards Caramel Apple Whiskey","36",".75L","40","Weldon Mills Distillery","120","Bruce Tyler",
="66982","Weldon Mills House Gin","17",".75L","40","Weldon Mills Distillery","120","Bruce Tyler",
="66984","Weldon Mills House Vodka","0",".75L","40","Weldon Mills Distillery","120","Bruce Tyler",
="66985","Rockfish Whiskey","23",".75L","40","Weldon Mills Distillery","120","Bruce Tyler",
="66987","House Vodka","0","1.75L","40","Weldon Mills Distillery","120","Bruce Tyler",
="66988","Weldon Mills Select Bourbon Whiskey","0",".75L","40","Weldon Mills Distillery","120","Bruce Tyler",
="66989","Weldon Orchards Peach Elderflower Flv Whky","76",".75L","40","Weldon Mills Distillery","120","Bruce Tyler",
="66990","3 Hamlets Gin","51",".75L","40","Weldon Mills Distillery","120","Bruce Tyler",
="66991","3 Hamlets Hibiscus Ginger Flavored Gin","56",".75L","40","Weldon Mills Distillery","120","Bruce Tyler",
="66992","3 Hamlets Lavender Lime Flavored Gin","59",".75L","40","Weldon Mills Distillery","120","Bruce Tyler",
="66993","3 Hamlets Peach Elderflower Flavored Gin","56",".75L","40","Weldon Mills Distillery","120","Bruce Tyler",
="66994","3 Hamlets Raspberry Rose Flavored Gin","62",".75L","40","Weldon Mills Distillery","120","Bruce Tyler",
="66995","Dray 25 Lavender Lime Flavored Vodka","15",".75L","40","Weldon Mills Distillery","120","Bruce Tyler",
="66996","Dray 25 Orange Blossom Flavored Vodka","15",".75L","40","Weldon Mills Distillery","120","Bruce Tyler",
="66997","Dray 25 Raspberry, Rose, & Lychee Flavored Vodka","17",".75L","40","Weldon Mills Distillery","120","Bruce Tyler",
="66998","Dray 25 Strawberry Guava Flavored Vodka","13",".75L","40","Weldon Mills Distillery","120","Bruce Tyler",
="66999","Dray 25 Vodka","12",".75L","40","Weldon Mills Distillery","120","Bruce Tyler",
="70015","Beattie's Sweet Potato Vodka","0",".75L","50","MHW/ Beattie's","150","Bruce DeBlock",
="70110","Pinnacle Pineapple","0","1.75L","75","Beam Suntory","225","Bill York",